1610,564	1626,611	1515,651	1509,601
2500,917	2490,965	2372,939	2393,893
1169,2070	1151,2116	1042,2071	1070,2030
1987,2139	2028,2166	1968,2266	1931,2231
919,1156	885,1122	970,1035	996,1076
719,1185	767,1179	784,1296	734,1291
1402,2448	1392,2496	1274,2470	1295,2424
3324,2018	3374,2018	3371,2138	3322,2127
3469,2479	3445,2437	3549,2377	3566,2423
2921,2461	2902,2416	3013,2372	3021,2420
2975,1200	2956,1157	3063,1107	3074,1154
1323,2256	1359,2286	1286,2379	1255,2342
2955,1753	2931,1711	3035,1653	3049,1700
2835,732	2858,690	2963,743	2930,782
2013,1810	1995,1856	1886,1811	1914,1770
1635,893	1676,920	1610,1019	1574,981
1795,2465	1802,2418	1921,2437	1903,2484
3306,1571	3308,1620	3191,1628	3200,1578
1761,2206	1777,2253	1666,2293	1660,2243
1273,1415	1321,1409	1338,1526	1288,1521
1960,1745	1941,1700	2052,1656	2060,1704
725,1540	691,1506	776,1419	802,1460
2589,1113	2637,1107	2654,1224	2604,1219
2335,1336	2332,1385	2211,1378	2224,1329
1337,1145	1378,1175	1307,1269	1273,1230
2063,1329	2110,1336	2091,1454	2046,1435
2692,1403	2739,1410	2720,1528	2675,1509
3398,2357	3400,2406	3283,2414	3292,2364
2408,703	2405,752	2284,745	2297,696
2388,1399	2363,1356	2463,1294	2480,1341
2336,2265	2312,2223	2416,2165	2430,2212
753,2524	760,2477	879,2496	861,2543
1353,1564	1398,1578	1365,1693	1322,1666
2216,529	2257,556	2194,657	2157,621
2447,2499	2423,2457	2527,2399	2541,2446
1309,577	1334,620	1229,672	1218,624
669,645	719,645	716,765	667,754
3168,2030	3218,2030	3215,2150	3166,2139
1020,622	1045,665	940,717	929,669
1098,1536	1123,1579	1018,1631	1007,1583
2822,833	2804,879	2695,834	2723,793
1697,1916	1744,1923	1725,2041	1680,2022
2453,1582	2476,1540	2581,1593	2548,1632
785,1924	808,1882	913,1935	880,1974
2125,2511	2107,2557	1998,2512	2026,2471
974,2298	971,2248	1090,2245	1081,2294
919,970	916,920	1035,917	1026,966
3406,1738	3447,1765	3387,1865	3350,1830
3435,1220	3411,1178	3515,1118	3532,1164
3440,859	3395,875	3351,764	3401,757
2795,1038	2820,1081	2715,1133	2704,1085
925,1816	920,1769	1038,1757	1032,1805
3060,1052	3055,1005	3173,993	3167,1041
1925,861	1932,814	2051,833	2033,880
2665,2315	2688,2273	2793,2326	2760,2365
816,1104	771,1120	727,1009	777,1002
3074,688	3081,641	3200,660	3182,707
1439,2059	1464,2102	1359,2154	1348,2106
3128,1410	3123,1363	3241,1351	3235,1399
1503,886	1484,841	1595,797	1603,845
1162,896	1210,890	1227,1007	1177,1002
2586,2116	2552,2082	2637,1995	2663,2036
3149,2322	3130,2279	3237,2229	3248,2276
3224,1019	3270,1008	3301,1120	3250,1123
1088,1269	1134,1258	1165,1370	1114,1373
3399,534	3440,561	3374,660	3338,622
2231,1801	2213,1847	2104,1802	2132,1761
1709,1592	1750,1619	1690,1719	1653,1684
3513,1641	3468,1657	3424,1546	3474,1539
1103,2510	1148,2524	1115,2639	1072,2612
835,1309	885,1309	882,1429	833,1418
2700,1590	2741,1620	2670,1714	2636,1675
2887,1257	2915,1297	2819,1366	2800,1320
813,2168	841,2208	745,2277	726,2231
838,717	879,744	819,844	782,809
3510,623	3557,630	3538,748	3493,729
1745,688	1711,654	1796,567	1822,608
1863,1127	1904,1154	1841,1255	1804,1219
1015,2539	981,2505	1066,2418	1092,2459
2168,1170	2214,1159	2245,1271	2194,1274
3119,2480	3160,2507	3097,2608	3060,2572
1494,2118	1534,2088	1607,2182	1560,2203
2127,657	2163,687	2090,780	2059,743
1971,938	2012,968	1941,1062	1907,1023
3263,1522	3270,1475	3389,1494	3371,1541
3094,835	3134,805	3207,899	3160,920
1222,1858	1203,1815	1310,1765	1321,1812
1501,1820	1498,1770	1617,1767	1608,1816
2957,2022	2939,2068	2830,2023	2858,1982
2508,1757	2463,1773	2419,1662	2469,1655
709,1852	706,1802	825,1799	816,1848
1563,1242	1604,1269	1541,1370	1504,1334
1081,636	1127,625	1158,737	1107,740
554,856	604,856	601,976	552,965
1849,1970	1895,1959	1926,2071	1875,2074
1456,2355	1453,2305	1572,2302	1563,2351
700,2310	655,2326	611,2215	661,2208
2873,2498	2870,2547	2749,2540	2762,2491
2201,1717	2177,1675	2281,1615	2298,1661
691,2079	667,2037	771,1979	785,2026
2485,1375	2525,1345	2598,1439	2551,1460
1789,740	1814,783	1709,835	1698,787
2971,2164	2961,2212	2843,2186	2864,2140
2246,2386	2212,2352	2297,2265	2323,2306
1807,1247	1762,1263	1718,1152	1768,1145
2589,2534	2579,2582	2461,2556	2482,2510
1847,606	1888,633	1825,734	1788,698
1217,1046	1245,1086	1149,1155	1130,1109
1787,2502	1828,2532	1757,2626	1723,2587
3370,1242	3411,1269	3348,1370	3311,1334
521,2097	561,2067	634,2161	587,2182
3199,1553	3181,1599	3072,1554	3100,1513
2745,2082	2747,2131	2630,2139	2639,2089
1529,2508	1570,2535	1507,2636	1470,2600
2658,1761	2674,1808	2563,1848	2557,1798
1471,1023	1499,1063	1403,1132	1384,1086
3119,2027	3109,2075	2991,2049	3012,2003
2091,1996	2119,2036	2023,2105	2004,2059
1746,1511	1722,1469	1826,1411	1840,1458
1223,2074	1273,2074	1270,2194	1221,2183
2500,851	2497,801	2616,798	2607,847
2761,1874	2756,1827	2874,1815	2868,1863
2618,2366	2659,2396	2588,2490	2554,2451
3549,1656	3525,1614	3629,1556	3643,1603
2147,887	2183,917	2110,1010	2079,973
819,1586	844,1629	739,1681	728,1633
869,2078	917,2072	934,2189	884,2184
2236,2594	2259,2552	2364,2605	2331,2644
3627,1957	3617,2005	3499,1979	3520,1933
1089,1857	1130,1884	1067,1985	1030,1949
2322,1231	2319,1181	2438,1178	2429,1227
3513,836	3563,836	3560,956	3511,945
3133,1924	3130,1874	3249,1871	3240,1920
3513,1339	3549,1369	3476,1462	3445,1425
3546,2141	3582,2171	3509,2264	3478,2227
2478,637	2433,653	2389,542	2439,535
1646,2578	1622,2536	1726,2478	1740,2525
932,1176	972,1146	1045,1240	998,1261
2832,660	2829,709	2708,702	2721,653
2408,1812	2449,1839	2386,1940	2349,1904
647,2629	628,2584	739,2540	747,2588
1228,1519	1269,1549	1198,1643	1164,1604
1371,2056	1368,2006	1487,2003	1478,2052
533,574	583,574	580,694	531,683
1452,1808	1454,1857	1337,1865	1346,1815
1514,1577	1490,1535	1594,1477	1608,1524
966,1484	989,1442	1094,1495	1061,1534
1556,2038	1532,1996	1636,1936	1653,1982
3041,2457	3036,2410	3154,2398	3148,2446
2183,2104	2190,2057	2309,2076	2291,2123
2994,1850	3041,1857	3022,1975	2977,1956
2906,842	2947,869	2887,969	2850,934
848,545	889,572	823,671	787,633
1884,1562	1865,1517	1976,1473	1984,1521
2444,2223	2451,2176	2570,2195	2552,2242
3270,2285	3277,2238	3396,2257	3378,2304
876,1665	871,1618	989,1606	983,1654
578,1670	554,1628	658,1570	672,1617
3573,1124	3614,1151	3548,1250	3512,1212
1465,868	1481,915	1370,955	1364,905
2980,2455	3005,2498	2900,2550	2889,2502
1923,2105	1905,2151	1796,2106	1824,2065
3391,2487	3407,2534	3296,2574	3290,2524
2650,956	2640,1004	2522,978	2543,932
1801,1098	1782,1053	1893,1009	1901,1057
1298,907	1274,865	1378,807	1392,854
2106,2461	2146,2431	2219,2525	2172,2546
680,1724	677,1773	556,1766	569,1717
3505,2645	3481,2603	3585,2543	3602,2589
3089,1230	3091,1279	2974,1287	2983,1237
1986,712	1961,669	2061,607	2078,654
2169,1165	2166,1214	2045,1207	2058,1158
525,1221	571,1210	602,1322	551,1325
2890,1487	2930,1457	3003,1551	2956,1572
2366,1428	2407,1458	2336,1552	2302,1513
3513,1861	3536,1819	3641,1872	3608,1911
2642,714	2608,680	2693,593	2719,634
3103,1129	3149,1118	3180,1230	3129,1233
1775,1758	1791,1805	1680,1845	1674,1795
2253,1115	2250,1065	2369,1062	2360,1111
1086,2364	1126,2334	1199,2428	1152,2449
3301,1847	3342,1874	3276,1973	3240,1935
1423,760	1399,718	1503,658	1520,704
2472,1100	2517,1114	2484,1229	2441,1202
752,834	793,864	722,958	688,919
911,2504	952,2531	886,2630	850,2592
3422,1051	3403,1008	3510,958	3521,1005
2722,2012	2717,1965	2835,1953	2829,2001
1257,1896	1298,1923	1232,2022	1196,1984
2238,1783	2288,1783	2285,1903	2236,1892
1658,1586	1648,1634	1530,1608	1551,1562
2123,2424	2078,2440	2034,2329	2084,2322
1110,741	1146,771	1073,864	1042,827
1505,2523	1471,2489	1556,2402	1582,2443
