2261,1031	2241,979	2367,937	2373,988
2115,1072	2091,1022	2216,974	2225,1023
2012,1198	1990,1147	2117,1104	2123,1154
2162,1201	2133,1153	2249,1091	2264,1141
2286,1169	2258,1121	2378,1062	2390,1111
1867,2894	1887,2947	1761,2985	1756,2934
1762,2877	1708,2898	1664,2770	1719,2764
2062,2796	2088,2844	1966,2898	1956,2847
5064,3326	5114,3358	5034,3465	4998,3427
5166,3392	5223,3384	5234,3517	5184,3510
5188,3256	5234,3292	5144,3390	5113,3348
5097,3483	5145,3514	5062,3620	5029,3581
4865,1939	4905,1906	4980,2017	4936,2033
4788,1854	4797,1798	4927,1827	4907,1873
2209,3736	2179,3684	2299,3624	2313,3674
2076,3631	2131,3618	2156,3747	2106,3747
2453,1800	2448,1745	2580,1738	2571,1788
2675,1665	2672,1722	2536,1705	2554,1656
2489,1455	2550,1456	2538,1591	2487,1577
2636,1745	2692,1754	2658,1884	2615,1864
3351,1661	3339,1718	3209,1680	3234,1633
3492,1659	3540,1689	3466,1799	3431,1761
3513,1513	3558,1546	3472,1646	3442,1606
3716,1932	3696,1982	3576,1926	3608,1884
4520,3397	4544,3349	4658,3415	4623,3452
4492,3251	4496,3305	4365,3307	4374,3256
4330,3154	4327,3102	4459,3102	4447,3153
4721,3422	4775,3438	4729,3563	4687,3536
4009,2103	4042,2149	3931,2219	3913,2173
4021,2400	3979,2359	4080,2268	4107,2311
3633,4981	3632,5038	3499,5026	3513,4978
4617,1202	4645,1149	4759,1218	4722,1256
4547,1349	4560,1291	4691,1333	4664,1379
1538,3186	1531,3241	1400,3215	1420,3167
1198,3244	1139,3239	1158,3107	1207,3125
1334,3231	1277,3215	1321,3089	1366,3114
1364,3100	1307,3086	1350,2959	1395,2985
1228,3119	1170,3112	1194,2976	1242,2996
1610,3445	1623,3503	1489,3523	1492,3469
1712,3503	1659,3523	1620,3397	1673,3394
1541,3218	1541,3161	1676,3169	1663,3216
2244,1719	2191,1745	2139,1621	2193,1609
2149,1564	2138,1510	2268,1493	2264,1542
5216,2231	5252,2276	5140,2353	5122,2307
5140,2079	5193,2062	5227,2189	5173,2192
5289,2356	5315,2402	5198,2458	5186,2412
5288,2043	5345,2040	5343,2173	5292,2161
5352,3068	5397,3100	5316,3203	5282,3163
4929,2614	4979,2646	4896,2753	4863,2715
4815,2535	4865,2566	4783,2672	4750,2634
3227,4278	3211,4333	3085,4284	3113,4241
2996,4195	3015,4138	3141,4191	3112,4234
3090,4140	3036,4116	3098,3998	3140,4030
3079,4346	3054,4400	2935,4335	2971,4292
2921,4430	2868,4460	2808,4339	2860,4325
3321,4703	3308,4757	3177,4720	3200,4676
3579,4639	3602,4692	3476,4741	3467,4689
3415,4555	3434,4608	3306,4643	3301,4595
3525,4516	3554,4564	3438,4623	3424,4575
3294,4545	3266,4597	3154,4526	3189,4487
3464,4683	3474,4740	3340,4760	3343,4708
3253,4429	3201,4400	3270,4286	3310,4322
4236,2613	4182,2606	4204,2477	4252,2495
3504,4859	3520,4912	3392,4942	3390,4894
3345,4966	3356,5020	3223,5037	3228,4987
3481,5004	3488,5061	3353,5066	3362,5015
3361,4808	3386,4861	3258,4909	3250,4860
4632,3950	4673,3987	4581,4081	4553,4038
4421,3982	4374,4013	4306,3899	4355,3884
4699,3850	4749,3875	4685,3992	4647,3959
4522,3996	4554,4041	4442,4112	4425,4063
4132,3922	4185,3943	4135,4065	4091,4035
3952,3957	3908,3918	4004,3823	4034,3868
3825,3959	3766,3952	3790,3818	3840,3839
3936,4071	3937,4013	4072,4022	4057,4073
1413,3655	1355,3647	1380,3517	1429,3537
1490,3813	1433,3826	1410,3694	1460,3696
1386,3725	1362,3772	1247,3709	1281,3671
4821,2224	4813,2283	4680,2253	4701,2205
4716,2161	4693,2213	4576,2154	4608,2112
4751,2406	4727,2459	4609,2394	4645,2352
4906,2101	4963,2107	4939,2238	4891,2218
4893,2226	4948,2250	4885,2369	4843,2336
4583,2349	4534,2318	4611,2206	4647,2243
1919,4259	1868,4284	1818,4159	1869,4151
2053,4215	2001,4242	1946,4121	1998,4108
2097,4353	2046,4383	1980,4264	2032,4248
1952,4376	1906,4407	1840,4292	1889,4278
4925,1749	4953,1699	5067,1776	5031,1810
5138,1946	5191,1930	5220,2058	5171,2060
5163,1810	5219,1797	5244,1927	5191,1928
5065,2009	5104,2051	4998,2134	4975,2088
2285,4534	2248,4581	2147,4494	2189,4461
2640,1884	2694,1884	2684,2016	2639,2002
3387,1509	3389,1565	3256,1560	3267,1509
3221,1210	3226,1157	3357,1178	3339,1223
3381,1401	3398,1349	3525,1403	3494,1442
3250,1343	3280,1294	3392,1372	3355,1406
3405,1202	3458,1223	3400,1346	3358,1314
3264,1505	3255,1561	3126,1527	3148,1482
3158,1444	3138,1501	3015,1448	3045,1402
3240,1320	3230,1376	3100,1348	3123,1300
2997,1369	2951,1333	3043,1236	3073,1277
4535,2994	4481,2976	4531,2852	4572,2880
4667,3288	4630,3329	4535,3242	4577,3211
4581,3063	4562,3119	4438,3068	4467,3024
4705,3099	4759,3124	4691,3240	4653,3208
4387,2001	4368,2054	4249,1995	4280,1954
4196,1983	4144,1950	4225,1843	4262,1882
4125,2060	4075,2082	4026,1957	4079,1950
4369,1915	4309,1914	4320,1777	4371,1795
3848,1996	3805,2035	3716,1936	3760,1909
3985,2028	3953,2077	3847,1994	3885,1963
4021,1759	4018,1702	4153,1706	4142,1756
3940,1914	3882,1907	3906,1777	3956,1798
4009,1907	3999,1850	4134,1839	4130,1891
4379,2178	4330,2145	4411,2035	4446,2076
4421,2316	4391,2363	4282,2290	4320,2253
4517,2428	4467,2458	4406,2339	4459,2323
4549,2228	4527,2280	4406,2224	4438,2182
1318,3370	1262,3359	1293,3228	1339,3249
1391,3331	1395,3275	1529,3292	1513,3339
1265,3478	1212,3507	1158,3379	1212,3369
1337,3572	1315,3626	1194,3566	1227,3526
1449,3447	1436,3506	1304,3466	1331,3420
1575,3128	1518,3120	1549,2987	1596,3009
1387,2006	1340,1979	1413,1870	1446,1904
1334,2067	1289,2101	1216,1989	1265,1970
1571,2225	1555,2171	1688,2145	1688,2194
5323,3218	5375,3234	5325,3358	5286,3329
2045,2001	1991,1972	2066,1858	2106,1895
2378,4013	2325,4042	2268,3917	2321,3905
3210,4655	3179,4707	3068,4633	3104,4596
2953,4566	2901,4598	2839,4476	2889,4462
3190,4484	3152,4525	3060,4433	3104,4405
3559,4354	3602,4391	3511,4485	3481,4442
3399,4276	3429,4224	3539,4302	3500,4338
4277,2842	4221,2820	4281,2699	4323,2732
4343,2719	4289,2704	4328,2579	4374,2604
4350,3571	4295,3579	4282,3446	4332,3451
4399,3835	4341,3856	4310,3723	4364,3721
4627,3654	4679,3672	4625,3793	4584,3764
4532,3566	4549,3510	4675,3559	4647,3602
3911,3747	3882,3696	4005,3642	4017,3694
4025,3726	4010,3669	4142,3644	4142,3694
1508,3893	1499,3951	1369,3921	1390,3873
4747,2811	4791,2847	4701,2944	4673,2904
4889,2758	4943,2787	4870,2898	4830,2860
4826,2764	4797,2812	4686,2736	4724,2701
4845,2891	4900,2908	4854,3032	4809,3005
4829,3173	4882,3199	4814,3317	4776,3282
4822,3018	4871,3049	4790,3155	4756,3117
4969,3085	5012,3119	4921,3217	4893,3177
4706,2947	4757,2975	4685,3088	4646,3052
2190,4447	2148,4489	2059,4390	2103,4363
2320,4161	2269,4184	2223,4060	2273,4052
2174,4161	2114,4174	2095,4040	2148,4042
2297,4367	2256,4405	2170,4302	2214,4278
5196,3115	5250,3136	5192,3255	5150,3223
5083,3020	5133,3043	5071,3160	5031,3126
4975,2939	5026,2962	4964,3080	4925,3047
5251,2987	5290,3026	5190,3112	5165,3068
5079,3174	5118,3208	5026,3299	5000,3262
3230,1781	3221,1839	3091,1810	3111,1763
3083,1559	3091,1616	2959,1627	2965,1576
3216,1643	3207,1698	3078,1666	3100,1620
3093,1751	3069,1805	2949,1743	2982,1703
3211,4779	3241,4831	3121,4893	3106,4842
3088,4879	3102,4937	2967,4961	2968,4908
4255,2332	4223,2380	4117,2298	4156,2263
4262,2123	4223,2166	4130,2069	4172,2041
4341,2228	4302,2270	4211,2174	4256,2145
3880,1570	3857,1621	3741,1562	3774,1520
3903,1536	3922,1482	4044,1535	4011,1580
4518,1739	4521,1679	4657,1696	4640,1747
4407,1957	4429,1904	4546,1964	4517,2005
4523,1875	4526,1816	4661,1834	4646,1882
4611,2104	4573,2148	4478,2055	4520,2024
1556,2781	1503,2755	1571,2638	1609,2672
1526,2902	1471,2888	1513,2761	1557,2788
1477,2294	1424,2279	1468,2153	1513,2179
1376,2158	1333,2124	1419,2026	1450,2067
1244,2393	1191,2383	1220,2255	1265,2277
1941,1790	1996,1806	1950,1933	1908,1907
1520,1950	1472,1926	1544,1813	1578,1845
1709,2000	1656,2030	1598,1908	1651,1893
1578,2041	1551,2090	1436,2019	1473,1983
1786,1825	1841,1823	1834,1956	1787,1943
1617,1781	1646,1732	1754,1807	1718,1841
2376,2292	2435,2279	2451,2413	2402,2409
5470,2597	5517,2623	5448,2735	5412,2700
5282,2578	5299,2527	5422,2572	5396,2616
2264,1484	2241,1433	2362,1381	2371,1433
2066,1314	2048,1264	2175,1230	2177,1278
2097,1445	2075,1393	2201,1349	2206,1399
2222,1346	2206,1293	2338,1264	2337,1314
2797,4517	2741,4536	2708,4404	2760,4402
2922,4431	2867,4460	2807,4336	2861,4323
2819,4563	2843,4616	2714,4664	2707,4612
2805,5079	2749,5098	2716,4969	2767,4965
4127,4207	4185,4221	4148,4350	4101,4326
4266,4323	4314,4344	4254,4460	4216,4428
4348,4221	4403,4245	4344,4366	4302,4333
4258,4116	4306,4143	4234,4257	4197,4221
4623,4423	4667,4461	4570,4556	4541,4511
2697,4335	2710,4392	2575,4408	2579,4359
2370,4022	2424,3998	2473,4124	2422,4131
2571,4177	2578,4238	2444,4246	2450,4192
2311,4308	2270,4266	2371,4176	2397,4222
2691,4176	2712,4232	2580,4270	2577,4218
1858,3845	1815,3878	1743,3768	1791,3748
4748,3742	4805,3754	4768,3885	4722,3861
4919,3597	4957,3553	5053,3647	5009,3677
4729,3565	4781,3587	4719,3705	4682,3670
5007,3752	5055,3780	4978,3890	4942,3851
5165,2884	5203,2927	5097,3007	5075,2962
5170,2805	5209,2762	5303,2857	5259,2885
2837,1824	2822,1880	2694,1843	2720,1797
2957,1831	2957,1889	2825,1886	2838,1834
2954,1540	2962,1594	2829,1602	2836,1551
2948,1674	2951,1731	2820,1728	2831,1678
2802,1656	2807,1713	2671,1717	2681,1666
3394,1985	3341,2007	3302,1875	3355,1871
3114,853	3065,825	3137,712	3174,750
2997,786	2951,754	3033,647	3066,688
3219,4954	3224,5007	3092,5013	3102,4965
4287,1337	4287,1279	4421,1283	4408,1335
4257,1406	4314,1399	4320,1534	4273,1526
4400,1405	4458,1407	4444,1539	4395,1523
4045,1235	4070,1181	4190,1246	4156,1287
3904,1371	3948,1405	3865,1507	3835,1467
3884,1269	3915,1223	4022,1302	3984,1335
5080,3876	5127,3908	5046,4014	5013,3976
1533,2508	1477,2516	1468,2380	1519,2387
1543,2643	1485,2661	1455,2528	1510,2527
1851,2624	1857,2683	1722,2688	1731,2636
1537,1736	1507,1687	1628,1625	1643,1675
1577,1564	1568,1510	1700,1499	1695,1548
1511,1819	1460,1840	1414,1715	1467,1707
1872,3164	1815,3173	1801,3038	1852,3043
5330,2666	5378,2702	5286,2802	5253,2762
2425,4592	2393,4638	2288,4555	2328,4523
2685,4616	2683,4674	2548,4658	2563,4609
2561,4606	2545,4663	2417,4619	2445,4573
2694,4473	2700,4532	2563,4537	2572,4484
2563,4464	2552,4523	2420,4492	2442,4443
2885,4180	2943,4168	2963,4301	2912,4299
2710,4267	2732,4213	2854,4270	2824,4312
2868,1008	2884,955	3006,1003	2978,1043
2732,1010	2744,955	2872,990	2847,1036
2788,884	2806,829	2931,883	2902,923
2709,1144	2716,1087	2847,1111	2827,1159
2805,4740	2795,4799	2663,4766	2686,4719
2932,4658	2958,4711	2831,4764	2821,4712
2773,4929	2731,4961	2658,4852	2703,4835
4138,4397	4187,4420	4126,4537	4088,4505
4412,4398	4450,4440	4342,4524	4319,4478
4210,4638	4243,4687	4123,4752	4109,4702
4625,4261	4669,4297	4578,4393	4549,4353
4507,4171	4554,4207	4465,4309	4432,4269
4639,4110	4677,4152	4577,4236	4551,4191
4518,4342	4562,4376	4476,4476	4444,4434
4251,885	4225,838	4344,782	4355,828
2079,3989	2034,4029	1954,3920	2003,3896
1981,4018	2005,4071	1878,4118	1870,4066
2011,3884	1961,3915	1894,3798	1944,3781
1909,3974	1865,4013	1782,3908	1831,3883
1838,4144	1795,4180	1716,4074	1764,4053
5230,2476	5283,2503	5209,2618	5169,2582
5191,2610	5243,2636	5176,2749	5138,2716
5035,2428	5082,2392	5156,2504	5107,2524
4986,2649	4958,2601	5077,2541	5091,2588
2822,1516	2832,1568	2702,1584	2705,1534
2795,1264	2814,1209	2937,1260	2907,1304
2808,1369	2825,1425	2693,1454	2693,1404
2903,1157	2930,1108	3044,1178	3006,1215
3069,979	3047,927	3172,883	3178,933
3050,1180	3081,1132	3190,1210	3150,1245
3489,698	3501,645	3630,681	3605,726
3703,893	3704,836	3837,851	3822,901
3549,852	3566,794	3695,844	3665,890
3627,740	3626,688	3757,692	3746,741
3744,756	3755,703	3883,743	3859,785
4169,1628	4155,1573	4285,1547	4286,1597
4334,1534	4392,1529	4394,1662	4341,1653
4021,1759	4019,1702	4154,1705	4141,1755
4239,1802	4187,1781	4243,1661	4286,1691
3783,1203	3804,1147	3927,1204	3897,1246
3832,871	3847,821	3972,868	3944,910
3928,938	3958,888	4067,964	4030,1001
3833,1076	3856,1027	3975,1092	3943,1127
3939,1145	3970,1098	4075,1179	4035,1213
3851,3977	3910,3972	3911,4107	3859,4096
3719,4064	3662,4051	3703,3921	3748,3946
3870,4888	3838,4938	3731,4856	3771,4821
4116,4735	4130,4789	3999,4818	3999,4767
1829,1464	1803,1413	1924,1359	1937,1408
2013,1198	1990,1148	2117,1104	2123,1155
1891,1255	1865,1205	1985,1150	1997,1199
1776,1340	1753,1289	1880,1245	1886,1293
4789,1418	4809,1364	4931,1418	4901,1461
4699,1315	4721,1262	4840,1323	4807,1363
5268,1920	5321,1898	5360,2023	5309,2030
2461,1030	2455,975	2587,966	2580,1019
2584,1022	2589,966	2719,989	2702,1035
2645,895	2662,838	2787,881	2760,926
4740,4032	4782,4073	4682,4162	4657,4116
4916,4097	4930,4150	4799,4176	4801,4126
4901,3834	4951,3865	4871,3973	4837,3935
4822,3934	4869,3970	4780,4071	4746,4028
4981,3960	5028,3994	4945,4097	4912,4058
3401,1120	3422,1064	3546,1115	3515,1159
3445,991	3461,936	3590,980	3563,1025
3183,938	3178,883	3310,877	3302,927
3176,1117	3138,1072	3242,991	3265,1038
3308,931	3312,878	3443,898	3423,944
3220,1211	3227,1157	3358,1178	3339,1225
4248,3817	4194,3826	4181,3696	4230,3701
4158,3620	4175,3565	4300,3616	4274,3657
4372,3714	4316,3711	4331,3578	4379,3593
3728,1324	3750,1270	3872,1332	3839,1372
3509,1443	3529,1391	3652,1447	3621,1488
3785,1459	3768,1509	3646,1458	3674,1417
3672,1240	3726,1258	3677,1382	3635,1355
4624,2753	4669,2784	4585,2886	4554,2847
4593,2688	4580,2632	4712,2611	4711,2662
4479,2724	4436,2686	4530,2591	4559,2634
4398,2957	4343,2942	4384,2814	4430,2840
4254,986	4297,947	4383,1054	4336,1078
4233,1151	4278,1116	4351,1228	4304,1246
4134,919	4168,872	4268,955	4227,991
1232,2519	1180,2526	1171,2394	1221,2402
1739,3907	1686,3936	1625,3814	1679,3800
1662,4099	1610,4129	1549,4007	1602,3992
1780,4032	1732,4066	1662,3951	1712,3933
1617,3973	1567,3995	1519,3872	1569,3864
4875,4317	4858,4369	4734,4325	4763,4284
2583,4944	2525,4946	2527,4813	2578,4824
2643,4749	2634,4807	2502,4778	2524,4728
2515,4737	2496,4787	2374,4734	2403,4694
3594,1022	3587,962	3724,955	3716,1007
3712,1057	3724,1003	3851,1037	3828,1083
3663,1183	3671,1127	3801,1151	3781,1200
3606,1220	3549,1212	3579,1079	3625,1099
4233,3126	4178,3126	4185,2992	4235,3007
4170,3258	4113,3247	4148,3119	4195,3141
3705,4165	3695,4105	3829,4094	3825,4145
3484,4230	3437,4196	3521,4094	3554,4134
4461,1210	4477,1152	4606,1198	4578,1244
4537,1091	4552,1044	4675,1092	4648,1130
4351,1090	4389,1045	4485,1144	4440,1171
3858,4675	3874,4733	3738,4758	3740,4706
4023,4530	3992,4580	3883,4499	3923,4464
1992,1506	1958,1459	2071,1387	2090,1434
1866,1581	1869,1522	2003,1539	1988,1588
1921,1701	1905,1753	1782,1707	1809,1664
4803,1712	4824,1656	4947,1710	4919,1752
4866,1589	4890,1538	5007,1598	4973,1639
4727,1547	4751,1494	4870,1555	4837,1596
4676,1673	4695,1621	4817,1675	4788,1716
2103,3759	2162,3758	2152,3895	2103,3879
2236,3924	2253,3981	2119,4011	2120,3957
2371,4021	2422,3998	2473,4124	2422,4133
5271,2200	5323,2175	5374,2300	5325,2310
2037,2700	2034,2641	2171,2646	2158,2696
2399,2748	2454,2748	2444,2879	2395,2864
2483,1315	2463,1262	2594,1228	2595,1279
2348,1284	2324,1236	2443,1183	2454,1233
2697,1504	2701,1562	2567,1565	2577,1512
2563,1157	2564,1100	2698,1109	2684,1158
2373,1420	2358,1363	2490,1336	2489,1389
2579,1341	2628,1316	2680,1436	2630,1448
3429,836	3435,781	3565,801	3545,847
3338,687	3375,645	3466,740	3425,767
4770,3350	4758,3407	4631,3371	4654,3325
4963,3419	5011,3448	4934,3556	4898,3517
4958,3244	5005,3276	4920,3379	4889,3340
4213,3824	4269,3815	4284,3946	4231,3942
4201,4020	4226,3969	4342,4033	4311,4070
3648,1751	3672,1802	3546,1852	3538,1803
3651,1555	3695,1593	3602,1687	3573,1644
3737,1659	3780,1699	3679,1789	3652,1744
4394,2584	4336,2583	4347,2451	4396,2463
4450,2541	4448,2487	4581,2490	4570,2537
4669,2456	4720,2483	4652,2596	4615,2561
3623,4806	3647,4859	3519,4907	3512,4856
3728,4744	3766,4793	3651,4867	3631,4817
4382,1731	4387,1673	4519,1694	4502,1741
4576,1608	4584,1554	4713,1576	4693,1625
4430,1593	4443,1540	4570,1572	4546,1617
4488,1473	4503,1417	4632,1461	4606,1506
1426,2887	1398,2937	1287,2861	1325,2825
1482,2892	1534,2911	1480,3032	1439,3002
1256,2966	1200,2977	1181,2845	1232,2849
1548,3679	1489,3674	1507,3539	1558,3558
1751,3762	1702,3783	1659,3661	1708,3656
1628,3812	1572,3828	1542,3697	1593,3697
2366,2530	2402,2485	2503,2575	2462,2605
2158,2917	2214,2932	2171,3058	2125,3032
4350,3570	4295,3579	4281,3447	4331,3452
4302,3323	4246,3314	4276,3180	4323,3203
4159,3529	4111,3510	4168,3392	4207,3422
4189,3387	4133,3402	4107,3271	4158,3270
4321,3443	4264,3447	4262,3316	4312,3325
3632,4394	3666,4349	3770,4436	3727,4469
3636,4471	3673,4513	3573,4599	3549,4554
3558,4355	3601,4389	3510,4486	3481,4443
3859,4402	3905,4435	3821,4538	3790,4496
3697,4602	3731,4649	3613,4719	3597,4670
3321,5161	3327,5105	3458,5129	3439,5178
3826,4318	3835,4262	3967,4293	3945,4340
4073,4393	4047,4445	3930,4373	3967,4336
3824,4182	3832,4125	3966,4152	3943,4201
1227,2684	1173,2698	1149,2566	1200,2569
1280,2252	1234,2220	1317,2117	1350,2155
1393,2394	1332,2395	1339,2259	1391,2272
1373,2522	1315,2534	1296,2401	1348,2404
1362,2649	1306,2671	1270,2539	1323,2536
1352,2789	1300,2803	1275,2675	1322,2675
1602,2627	1586,2573	1715,2542	1717,2592
1985,2696	1951,2734	1859,2643	1896,2618
1737,3164	1682,3169	1678,3038	1727,3046
1681,3033	1628,3018	1668,2893	1710,2918
1944,2987	2000,2971	2028,3103	1976,3103
1629,3387	1573,3400	1548,3271	1600,3270
1717,3633	1665,3656	1618,3531	1666,3522
2207,4278	2157,4307	2099,4186	2146,4173
2419,4440	2380,4480	2291,4377	2335,4354
2578,4326	2575,4382	2441,4367	2456,4321
2517,4019	2555,3976	2651,4071	2612,4098
2438,3925	2469,3873	2580,3951	2542,3987
2579,5033	2565,4978	2694,4954	2695,5004
2914,4886	2864,4916	2801,4796	2850,4782
3105,4763	3078,4813	2964,4738	3000,4704
3050,4649	3006,4689	2920,4587	2964,4561
3450,4407	3468,4462	3335,4493	3334,4443
3268,4216	3304,4173	3402,4266	3362,4295
3921,5021	3891,5069	3781,4986	3817,4956
4001,4654	4001,4714	3866,4703	3880,4654
3787,4507	3829,4547	3730,4635	3704,4593
4095,4517	4143,4550	4059,4657	4027,4618
4254,4462	4305,4491	4232,4605	4196,4567
4367,4541	4413,4573	4332,4677	4298,4639
3558,4267	3583,4217	3698,4285	3663,4323
3819,4253	3827,4308	3695,4317	3701,4267
3666,4135	3625,4174	3538,4074	3580,4050
4070,4230	4058,4285	3931,4249	3954,4203
4127,4066	4179,4087	4124,4204	4082,4175
4639,4560	4692,4565	4670,4697	4626,4680
4729,4352	4776,4385	4690,4488	4660,4448
4766,4266	4737,4313	4629,4234	4666,4200
4339,4071	4388,4045	4440,4167	4391,4176
4523,3834	4573,3855	4515,3972	4474,3941
3823,3829	3771,3807	3828,3691	3868,3721
4049,3857	4034,3807	4159,3778	4161,3827
4427,3699	4427,3642	4562,3652	4548,3701
4409,3548	4404,3489	4539,3491	4530,3541
4382,3413	4375,3358	4509,3353	4500,3405
4081,3624	4027,3627	4026,3496	4073,3505
4809,3701	4833,3651	4949,3718	4917,3753
5102,3663	5151,3694	5076,3801	5041,3765
4874,3500	4914,3536	4821,3630	4794,3590
5223,3574	5255,3614	5147,3690	5131,3648
4779,3372	4807,3325	4914,3400	4878,3433
4386,3075	4327,3073	4339,2941	4389,2954
4249,2967	4193,2952	4234,2825	4278,2850
4428,2834	4376,2809	4444,2697	4482,2729
5024,2811	5070,2842	4991,2947	4957,2908
5071,2703	5122,2717	5075,2841	5034,2814
5326,2897	5375,2927	5299,3034	5264,2997
5400,2792	5443,2814	5379,2925	5344,2895
4830,2381	4879,2409	4805,2523	4770,2486
4887,2465	4926,2429	5009,2528	4968,2550
5009,2307	5059,2339	4980,2446	4946,2411
5079,2165	5120,2203	5024,2296	4998,2254
4742,2060	4758,2008	4880,2056	4852,2097
4971,1865	5019,1834	5087,1950	5035,1966
5306,1770	5358,1766	5360,1896	5312,1887
5151,1686	5203,1669	5237,1794	5187,1796
5099,1579	5144,1551	5208,1666	5160,1679
5037,1479	5076,1439	5164,1539	5120,1563
4934,1418	4956,1373	5071,1446	5035,1476
4340,2448	4302,2489	4210,2393	4251,2366
4178,2237	4139,2275	4048,2178	4093,2152
4623,1937	4673,1909	4732,2026	4684,2038
4668,1850	4664,1790	4795,1789	4788,1840
4414,1334	4423,1279	4552,1313	4532,1357
4144,1313	4173,1266	4278,1342	4243,1377
4106,1525	4063,1490	4154,1394	4183,1434
3976,1360	4011,1317	4107,1406	4066,1434
4019,1603	4034,1551	4158,1586	4135,1634
3957,1645	3988,1690	3874,1757	3859,1710
3863,1815	3830,1862	3728,1778	3770,1745
4648,1448	4658,1392	4782,1428	4760,1475
4145,1074	4179,1030	4275,1115	4235,1147
4035,1022	4058,974	4171,1036	4141,1072
3477,1296	3481,1240	3611,1253	3597,1301
3294,1062	3303,1006	3431,1036	3411,1082
3212,801	3215,755	3348,769	3331,809
2993,1052	3022,1007	3128,1087	3089,1121
3403,1735	3443,1774	3345,1864	3320,1822
2871,1376	2904,1329	3010,1410	2973,1443
2661,1290	2652,1236	2786,1223	2779,1273
2443,1177	2426,1122	2556,1091	2558,1143
2504,1851	2559,1849	2553,1980	2504,1967
2410,1783	2369,1820	2285,1716	2330,1694
2481,1699	2422,1697	2433,1564	2484,1580
2387,1570	2394,1628	2260,1634	2268,1583
1973,1068	1957,1015	2085,985	2087,1036
1951,1371	1920,1325	2033,1260	2050,1309
1762,1601	1715,1571	1793,1464	1826,1500
1669,1664	1682,1614	1807,1658	1783,1697
1980,1676	2038,1680	2018,1813	1970,1795
2041,1632	2007,1589	2114,1514	2133,1559
