288,2768	262,2724	349,2677	375,2721
989,763	938,775	920,677	971,667
3479,597	3423,605	3412,507	3464,499
1364,478	1323,506	1268,425	1307,398
2648,980	2628,933	2718,899	2737,948
3148,474	3100,491	3066,400	3113,382
2616,1282	2652,1247	2721,1321	2685,1356
1915,1028	1892,986	1979,944	2000,987
3736,729	3694,754	3646,671	3685,647
3204,2588	3151,2584	3163,2485	3214,2488
3054,1543	3082,1503	3163,1564	3135,1603
1241,998	1224,949	1321,921	1336,969
1507,2934	1465,2945	1445,2852	1485,2840
750,1363	748,1314	847,1310	849,1361
3013,966	3041,1007	2956,1056	2926,1019
449,1678	401,1695	367,1604	414,1586
3917,403	3869,410	3857,308	3903,305
1268,2345	1218,2361	1196,2264	1244,2251
2305,1922	2284,1877	2376,1843	2397,1883
1836,1772	1794,1783	1774,1690	1814,1678
1864,2664	1816,2677	1792,2576	1838,2563
1419,2558	1455,2523	1524,2597	1488,2632
3333,2462	3285,2469	3273,2367	3319,2364
1969,629	1916,625	1928,526	1979,529
2009,1664	2036,1622	2119,1678	2092,1720
1964,1854	1994,1815	2071,1881	2041,1919
3639,1012	3667,972	3748,1033	3720,1072
1145,1860	1143,1811	1242,1807	1244,1858
591,2083	621,2045	699,2108	670,2147
891,375	868,330	957,289	979,330
1308,1293	1260,1300	1248,1198	1294,1195
2399,696	2343,704	2332,606	2384,598
2391,753	2426,717	2498,788	2465,824
2874,665	2851,620	2940,579	2962,620
992,1888	1020,1848	1101,1909	1073,1948
3667,806	3699,841	3620,904	3589,869
396,754	343,754	345,657	398,658
3114,2413	3064,2409	3072,2312	3122,2315
3332,2109	3317,2065	3415,2039	3430,2084
2169,533	2119,536	2116,437	2164,436
3444,724	3388,732	3377,634	3429,626
683,330	655,296	735,240	763,275
2304,1707	2262,1732	2214,1649	2253,1625
1592,600	1627,564	1699,635	1666,671
2831,2719	2785,2744	2742,2655	2789,2632
3114,1377	3066,1394	3032,1303	3079,1285
427,586	385,611	337,528	376,504
1425,1696	1402,1651	1491,1610	1513,1651
1283,653	1255,619	1335,563	1363,598
3008,1521	3036,1562	2951,1611	2921,1574
1015,2100	997,2056	1089,2021	1108,2066
725,1105	672,1101	684,1002	735,1005
3693,2840	3649,2858	3611,2760	3656,2743
1042,1033	1078,998	1147,1072	1110,1108
2817,1833	2767,1829	2775,1732	2825,1735
3267,1923	3295,1883	3376,1944	3348,1983
1514,843	1461,843	1463,746	1516,747
546,2935	574,2976	489,3025	459,2988
985,2920	939,2945	896,2856	943,2833
418,369	398,322	488,288	507,337
864,2739	814,2735	822,2638	872,2641
452,2202	480,2243	395,2292	365,2255
1336,217	1372,182	1441,256	1405,291
2772,2100	2754,2056	2846,2021	2865,2066
2076,2464	2035,2492	1980,2411	2019,2384
820,1730	772,1747	738,1656	785,1638
3412,1370	3395,1321	3492,1293	3507,1341
2804,1880	2834,1841	2911,1907	2881,1945
1665,1013	1617,1026	1593,925	1639,912
1331,2408	1303,2374	1383,2318	1411,2353
1680,2363	1634,2388	1591,2299	1638,2276
1122,2611	1072,2607	1080,2510	1130,2513
1006,2315	958,2322	946,2220	992,2217
2162,1982	2120,1993	2100,1900	2140,1888
1017,931	964,927	976,828	1027,831
399,1763	426,1721	509,1777	482,1819
1149,465	1132,416	1229,388	1244,436
3020,620	2967,616	2979,517	3030,520
1533,358	1480,354	1492,255	1543,258
2351,412	2383,447	2304,510	2273,475
601,2538	636,2502	708,2573	675,2609
928,1257	963,1221	1035,1292	1002,1328
1409,1499	1407,1450	1506,1446	1508,1497
2593,2821	2543,2837	2521,2740	2569,2727
1930,1278	1877,1274	1889,1175	1940,1178
3886,1165	3914,1125	3995,1186	3967,1225
3299,1145	3297,1096	3396,1092	3398,1143
780,795	810,757	888,820	859,859
1830,827	1810,780	1900,746	1919,795
3911,2028	3941,1989	4018,2055	3988,2093
2485,1175	2468,1126	2565,1098	2580,1146
2240,1250	2190,1266	2168,1169	2216,1156
707,1557	681,1513	768,1466	794,1510
2384,2432	2412,2473	2327,2522	2297,2485
564,770	546,726	638,691	657,736
3270,1528	3244,1484	3331,1437	3357,1481
2002,436	1987,392	2085,366	2100,411
1193,881	1165,847	1245,791	1273,826
2566,2171	2598,2206	2519,2269	2488,2234
3468,928	3448,881	3538,847	3557,896
1711,502	1709,453	1808,449	1810,500
3265,1786	3248,1737	3345,1709	3360,1757
1996,2846	1943,2846	1945,2749	1998,2750
1747,2029	1699,2036	1687,1934	1733,1931
872,998	902,960	980,1023	951,1062
3460,2868	3410,2871	3407,2772	3455,2771
2857,721	2885,762	2800,811	2770,774
3323,862	3359,827	3428,901	3392,936
2391,1230	2368,1188	2455,1146	2476,1189
3435,1633	3412,1588	3501,1547	3523,1588
2426,1758	2384,1769	2364,1676	2404,1664
3233,1711	3185,1728	3151,1637	3198,1619
1612,1809	1640,1850	1555,1899	1525,1862
1644,2142	1618,2098	1705,2051	1731,2095
1520,1341	1472,1354	1448,1253	1494,1240
1153,716	1103,732	1081,635	1129,622
3442,2448	3440,2399	3539,2395	3541,2446
2680,1954	2639,1982	2584,1901	2623,1874
245,292	217,258	297,202	325,237
1251,1615	1205,1640	1162,1551	1209,1528
2336,2724	2290,2749	2247,2660	2294,2637
1675,1384	1629,1409	1586,1320	1633,1297
2227,898	2259,933	2180,996	2149,961
2809,1546	2767,1571	2719,1488	2758,1464
3042,2612	3022,2565	3112,2531	3131,2580
1121,983	1101,936	1191,902	1210,951
2031,699	2059,659	2140,720	2112,759
2309,2124	2339,2086	2417,2149	2388,2188
2878,1258	2908,1219	2985,1285	2955,1323
1024,2411	1052,2452	967,2501	937,2464
3248,1339	3284,1304	3353,1378	3317,1413
1469,1217	1421,1234	1387,1143	1434,1125
2786,2504	2818,2539	2739,2602	2708,2567
2258,2329	2212,2354	2169,2265	2216,2242
2119,1244	2077,1269	2029,1186	2068,1162
3252,2251	3206,2276	3163,2187	3210,2164
2486,2611	2436,2607	2444,2510	2494,2513
2340,1424	2299,1452	2244,1371	2283,1344
477,1379	471,1329	570,1315	577,1365
3258,322	3210,335	3186,234	3232,221
1841,703	1788,703	1790,606	1843,607
3599,2218	3635,2183	3704,2257	3668,2292
3239,1019	3271,1054	3192,1117	3161,1082
1543,2492	1487,2500	1476,2402	1528,2394
3103,764	3047,772	3036,674	3088,666
2957,1858	2934,1816	3021,1774	3042,1817
897,2533	856,2561	801,2480	840,2453
466,2664	425,2692	370,2611	409,2584
3633,2661	3583,2657	3591,2560	3641,2563
2437,1439	2416,1394	2508,1360	2529,1400
2673,2185	2620,2181	2632,2082	2683,2085
907,1571	881,1527	968,1480	994,1524
770,2154	742,2120	822,2064	850,2099
2851,1657	2803,1664	2791,1562	2837,1559
1663,1173	1661,1124	1760,1120	1762,1171
2610,717	2595,673	2693,647	2708,692
324,1455	360,1420	429,1494	393,1529
2031,1418	1978,1414	1990,1315	2041,1318
1199,2706	1181,2662	1273,2627	1292,2672
759,1811	744,1767	842,1741	857,1786
2086,2112	2042,2130	2004,2032	2049,2015
2043,2530	2075,2565	1996,2628	1965,2593
1241,2154	1221,2107	1311,2073	1330,2122
1520,2154	1550,2115	1627,2181	1597,2219
3288,805	3246,830	3198,747	3237,723
2151,2936	2103,2949	2079,2848	2125,2835
2771,1240	2721,1236	2729,1139	2779,1142
2302,1116	2251,1128	2233,1030	2284,1020
1991,1570	1941,1573	1938,1474	1986,1473
2966,2131	2948,2087	3040,2052	3059,2097
1048,1613	1046,1564	1145,1560	1147,1611
2591,2297	2626,2261	2698,2332	2665,2368
3808,2411	3840,2446	3761,2509	3730,2474
727,2371	704,2329	791,2287	812,2330
1257,1673	1284,1631	1367,1687	1340,1729
910,1750	908,1701	1007,1697	1009,1748
1418,1431	1372,1456	1329,1367	1376,1344
1982,2268	1940,2293	1892,2210	1931,2186
2462,1878	2490,1838	2571,1899	2543,1938
3143,938	3087,946	3076,848	3128,840
907,2131	892,2087	990,2061	1005,2106
1802,1451	1838,1416	1907,1490	1871,1525
3020,1118	3048,1159	2963,1208	2933,1171
2927,2340	2876,2352	2858,2254	2909,2244
3160,1856	3195,1820	3267,1891	3234,1927
1288,1892	1265,1850	1352,1808	1373,1851
2230,804	2215,760	2313,734	2328,779
2629,1616	2581,1633	2547,1542	2594,1524
2245,1765	2281,1730	2350,1804	2314,1839
648,1250	600,1257	588,1155	634,1152
793,1152	820,1110	903,1166	876,1208
2476,960	2474,911	2573,907	2575,958
348,928	331,879	428,851	443,899
433,1206	387,1231	344,1142	391,1119
2312,2925	2268,2943	2230,2845	2275,2828
501,2389	499,2340	598,2336	600,2387
2649,1644	2676,1602	2759,1658	2732,1700
3471,1915	3451,1868	3541,1834	3560,1883
1571,1130	1527,1148	1489,1050	1534,1033
2531,548	2489,559	2469,466	2509,454
2791,2295	2749,2320	2701,2237	2740,2213
3090,1987	3117,1945	3200,2001	3173,2043
1388,2111	1360,2077	1440,2021	1468,2056
780,2008	727,2008	729,1911	782,1912
2179,2536	2133,2561	2090,2472	2137,2449
3450,1077	3486,1042	3555,1116	3519,1151
1704,2544	1653,2556	1635,2458	1686,2448
3054,1132	3048,1082	3147,1068	3154,1118
1041,1278	1035,1228	1134,1214	1141,1264
3904,957	3851,953	3863,854	3914,857
1638,1529	1668,1491	1746,1554	1717,1593
3510,1487	3484,1443	3571,1396	3597,1440
532,2892	509,2847	598,2806	620,2847
2906,2498	2865,2526	2810,2445	2849,2418
623,1860	650,1818	733,1874	706,1916
2615,1843	2569,1868	2526,1779	2573,1756
2170,2200	2202,2235	2123,2298	2092,2263
688,645	660,611	740,555	768,590
3462,2061	3439,2019	3526,1977	3547,2020
1078,1492	1028,1508	1006,1411	1054,1398
1289,3001	1239,3017	1217,2920	1265,2907
2188,619	2220,654	2141,717	2110,682
625,956	575,959	572,860	620,859
1536,2006	1530,1956	1629,1942	1636,1992
2185,2052	2183,2003	2282,1999	2284,2050
2744,387	2696,394	2684,292	2730,289
2127,1704	2157,1666	2235,1729	2206,1768
886,598	869,549	966,521	981,569
1762,1891	1712,1894	1709,1795	1757,1794
2342,969	2289,969	2291,872	2344,873
645,2324	595,2340	573,2243	621,2230
3283,2746	3233,2762	3211,2665	3259,2652
3339,2582	3297,2593	3277,2500	3317,2488
552,1562	579,1520	662,1576	635,1618
1783,2318	1763,2271	1853,2237	1872,2286
1417,971	1364,967	1376,868	1427,871
3922,2850	3899,2805	3988,2764	4010,2805
2462,2358	2498,2323	2567,2397	2530,2433
2926,778	2953,736	3036,792	3009,834
1859,2174	1818,2202	1763,2121	1802,2094
1708,855	1693,811	1791,785	1806,830
3375,2312	3354,2267	3446,2233	3467,2273
1191,1366	1219,1326	1300,1387	1272,1426
3444,453	3402,478	3354,395	3393,371
1483,635	1439,653	1401,555	1446,538
1751,1351	1745,1301	1844,1287	1851,1337
1828,1071	1787,1099	1732,1018	1771,991
