3124,1743	3104,1696	3194,1662	3213,1711
1246,2207	1223,2165	1310,2123	1331,2166
2768,1314	2751,1265	2848,1237	2863,1285
3418,1450	3454,1415	3523,1489	3486,1525
3154,2407	3128,2363	3215,2316	3241,2360
1557,1936	1515,1947	1495,1854	1535,1842
3713,2984	3672,3012	3617,2931	3656,2904
3187,2859	3137,2862	3134,2763	3182,2762
624,2600	654,2562	732,2625	703,2664
187,1406	185,1357	284,1353	286,1404
2877,1616	2835,1641	2787,1558	2826,1534
2189,1516	2147,1527	2127,1434	2167,1422
2428,2202	2456,2162	2537,2223	2509,2262
2921,2936	2903,2892	2995,2857	3014,2902
2152,1057	2131,1012	2223,978	2244,1018
284,2043	320,2008	389,2082	352,2118
1461,2187	1411,2183	1419,2086	1469,2089
543,2231	492,2243	474,2145	525,2135
984,2301	931,2297	943,2198	994,2201
2990,877	2975,833	3073,807	3088,852
2797,1998	2747,2001	2744,1902	2792,1901
267,2413	214,2409	226,2310	277,2313
1382,1554	1334,1561	1322,1459	1368,1456
2001,2775	1986,2731	2084,2705	2099,2750
1110,1985	1140,1947	1218,2010	1189,2049
2891,502	2889,453	2988,449	2990,500
1576,2162	1548,2128	1628,2072	1656,2107
2473,1572	2420,1572	2422,1475	2475,1476
3030,1140	2980,1136	2988,1039	3038,1042
676,1659	704,1700	619,1749	589,1712
3767,1352	3725,1377	3677,1294	3716,1270
3757,1996	3737,1949	3827,1915	3846,1964
801,2786	773,2752	853,2696	881,2731
922,2999	878,3017	840,2919	885,2902
1687,2474	1714,2432	1797,2488	1770,2530
2276,2628	2306,2590	2384,2653	2355,2692
1849,2877	1832,2828	1929,2800	1944,2848
3115,2632	3064,2644	3046,2546	3097,2536
371,519	401,480	478,546	448,584
601,2450	575,2406	662,2359	688,2403
519,2542	496,2500	583,2458	604,2501
864,1444	816,1451	804,1349	850,1346
1042,308	1078,273	1147,347	1110,383
2617,885	2575,910	2527,827	2566,803
227,2937	204,2892	293,2851	315,2892
3209,1546	3165,1564	3127,1466	3172,1449
1274,2602	1272,2553	1371,2549	1373,2600
2891,2627	2863,2593	2943,2537	2971,2572
3350,1969	3378,1929	3459,1990	3431,2029
2428,1780	2378,1776	2386,1679	2436,1682
1040,1668	1038,1619	1137,1615	1139,1666
3070,1981	3017,1977	3029,1878	3080,1881
2491,2711	2449,2736	2401,2653	2440,2629
3675,2645	3622,2645	3624,2548	3677,2549
1309,870	1267,895	1219,812	1258,788
2176,765	2174,716	2273,712	2275,763
3500,2423	3454,2448	3411,2359	3458,2336
2983,1699	2960,1657	3047,1615	3068,1658
3904,727	3931,685	4014,741	3987,783
773,1030	756,981	853,953	868,1001
751,654	709,665	689,572	729,560
1532,2693	1479,2693	1481,2596	1534,2597
1105,2491	1135,2452	1212,2518	1182,2556
1745,780	1717,746	1797,690	1825,725
3611,1953	3563,1960	3551,1858	3597,1855
3271,2892	3301,2853	3378,2919	3348,2957
2628,1287	2572,1295	2561,1197	2613,1189
3305,1001	3264,1029	3209,948	3248,921
1455,438	1407,445	1395,343	1441,340
3201,1658	3175,1614	3262,1567	3288,1611
900,2447	854,2472	811,2383	858,2360
1761,2073	1791,2034	1868,2100	1838,2138
1784,1505	1766,1461	1858,1426	1877,1471
2015,1269	2045,1231	2123,1294	2094,1333
353,1802	302,1814	284,1716	335,1706
1562,2429	1541,2384	1633,2350	1654,2390
3609,2373	3583,2329	3670,2282	3696,2326
2228,605	2205,563	2292,521	2313,564
3206,488	3156,491	3153,392	3201,391
884,1864	833,1876	815,1778	866,1768
522,2297	501,2252	593,2218	614,2258
463,1197	410,1197	412,1100	465,1101
1144,1559	1124,1512	1214,1478	1233,1527
1444,1918	1402,1943	1354,1860	1393,1836
1527,1464	1477,1480	1455,1383	1503,1370
2568,2576	2547,2531	2639,2497	2660,2537
1461,1663	1438,1621	1525,1579	1546,1622
2544,1718	2529,1674	2627,1648	2642,1693
3879,925	3851,891	3931,835	3959,870
3341,709	3376,673	3448,744	3415,780
3492,2166	3436,2174	3425,2076	3477,2068
2277,1291	2251,1247	2338,1200	2364,1244
1903,432	1857,457	1814,368	1861,345
1926,2623	1885,2651	1830,2570	1869,2543
551,2810	498,2810	500,2713	553,2714
2422,2094	2402,2047	2492,2013	2511,2062
1729,2718	1673,2726	1662,2628	1714,2620
1781,2393	1730,2405	1712,2307	1763,2297
1525,2291	1508,2242	1605,2214	1620,2262
1623,1015	1608,971	1706,945	1721,990
2433,743	2416,694	2513,666	2528,714
1373,1338	1320,1334	1332,1235	1383,1238
2273,919	2300,877	2383,933	2356,975
740,2098	719,2053	811,2019	832,2059
1198,1705	1175,1663	1262,1621	1283,1664
2774,2401	2724,2404	2721,2305	2769,2304
1111,1019	1139,979	1220,1040	1192,1079
1486,2523	1438,2540	1404,2449	1451,2431
3763,546	3740,504	3827,462	3848,505
1568,382	1547,337	1639,303	1660,343
2679,593	2664,549	2762,523	2777,568
2047,2518	2005,2543	1957,2460	1996,2436
2937,1987	2973,1952	3042,2026	3006,2061
1186,1325	1184,1276	1283,1272	1285,1323
1821,1206	1795,1162	1882,1115	1908,1159
3571,1218	3523,1231	3499,1130	3545,1117
3643,2820	3671,2861	3586,2910	3556,2873
1290,947	1326,912	1395,986	1358,1022
851,596	881,557	958,623	928,661
3651,2127	3595,2135	3584,2037	3636,2029
587,633	566,588	658,554	679,594
3852,404	3832,357	3922,323	3941,372
358,1431	310,1438	298,1336	344,1333
2183,2439	2133,2455	2111,2358	2159,2345
892,852	890,803	989,799	991,850
2106,704	2050,712	2039,614	2091,606
264,731	213,743	195,645	246,635
2138,2109	2088,2112	2085,2013	2133,2012
3112,2182	3148,2147	3217,2221	3181,2256
667,2980	649,2936	741,2901	760,2946
1715,1817	1674,1845	1619,1764	1658,1737
3405,2602	3357,2619	3323,2528	3370,2510
3672,900	3616,908	3605,810	3657,802
2278,2120	2314,2085	2383,2159	2346,2195
3213,2109	3185,2075	3265,2019	3293,2054
2873,2208	2817,2216	2806,2118	2858,2110
1232,1835	1214,1791	1306,1756	1325,1801
3132,1076	3104,1042	3184,986	3212,1021
1065,1513	1009,1521	998,1423	1050,1415
3550,1591	3586,1556	3655,1630	3618,1666
3481,2978	3433,2991	3409,2890	3455,2877
2546,2702	2576,2663	2653,2729	2623,2767
869,1927	896,1885	979,1941	952,1983
1498,888	1534,853	1603,927	1567,962
1232,704	1176,712	1165,614	1217,606
914,337	864,340	861,241	909,240
1933,1697	1961,1738	1876,1787	1846,1750
2872,995	2816,1003	2805,905	2857,897
810,1260	782,1226	862,1170	890,1205
1367,630	1319,647	1285,556	1332,538
2096,894	2048,901	2036,799	2082,796
1039,632	1069,593	1146,659	1116,697
2671,1086	2621,1102	2599,1005	2647,992
1835,981	1865,943	1943,1006	1914,1045
3521,445	3473,458	3449,357	3495,344
1596,603	1576,556	1666,522	1685,571
2192,2550	2228,2515	2297,2589	2260,2625
2005,2168	1955,2164	1963,2067	2013,2070
2435,929	2420,885	2518,859	2533,904
3248,1864	3276,1824	3357,1885	3329,1924
1147,2265	1127,2218	1217,2184	1236,2233
3737,708	3764,666	3847,722	3820,764
3458,1372	3437,1327	3529,1293	3550,1333
1213,1126	1243,1088	1321,1151	1292,1190
697,2273	649,2280	637,2178	683,2175
1878,2365	1908,2327	1986,2390	1957,2429
3051,2414	3001,2410	3009,2313	3059,2316
390,2002	375,1958	473,1932	488,1977
1698,790	1726,831	1641,880	1611,843
3496,735	3532,700	3601,774	3564,810
3309,2435	3292,2386	3389,2358	3404,2406
532,1434	486,1459	443,1370	490,1347
460,792	418,803	398,710	438,698
1721,1262	1695,1218	1782,1171	1808,1215
3141,1328	3091,1324	3099,1227	3149,1230
3215,641	3167,648	3155,546	3201,543
2889,2404	2919,2365	2996,2431	2966,2469
807,431	784,389	871,347	892,390
634,832	606,798	686,742	714,777
2423,1885	2459,1850	2528,1924	2491,1960
3871,2967	3829,2992	3781,2909	3820,2885
2450,1274	2397,1270	2409,1171	2460,1174
2840,662	2876,627	2945,701	2908,737
2170,1952	2122,1969	2088,1878	2135,1860
1908,864	1938,826	2016,889	1987,928
1075,1823	1057,1779	1149,1744	1168,1789
3116,789	3063,789	3065,692	3118,693
2039,1634	1986,1630	1998,1531	2049,1534
3726,2811	3705,2766	3797,2732	3818,2772
3454,951	3490,916	3559,990	3523,1025
1028,506	1008,459	1098,425	1117,474
557,1498	593,1463	662,1537	626,1572
3318,1396	3354,1361	3423,1435	3386,1471
721,1663	698,1621	785,1579	806,1622
2930,1337	2880,1333	2888,1236	2938,1239
1634,1266	1670,1231	1739,1305	1703,1340
2686,2160	2633,2156	2645,2057	2696,2060
425,2539	375,2542	372,2443	420,2442
3386,1069	3422,1034	3491,1108	3455,1143
1568,1504	1595,1462	1678,1518	1651,1560
2701,1597	2731,1558	2808,1624	2778,1662
1419,2340	1373,2365	1330,2276	1377,2253
672,1921	626,1946	583,1857	630,1834
2215,1632	2192,1590	2279,1548	2300,1591
2576,2923	2556,2876	2646,2842	2665,2891
1774,646	1726,663	1692,572	1739,554
2203,1803	2161,1814	2141,1721	2181,1709
2069,2996	2023,3021	1980,2932	2027,2909
1647,1920	1624,1875	1713,1834	1735,1875
999,1271	1027,1231	1108,1292	1080,1331
1339,2526	1283,2534	1272,2436	1324,2428
3012,1424	2995,1375	3092,1347	3107,1395
1893,1982	1923,1943	2000,2009	1970,2047
1049,1024	1003,1049	960,960	1007,937
2555,2283	2540,2239	2638,2213	2653,2258
1517,1265	1475,1290	1427,1207	1466,1183
3925,2711	3879,2736	3836,2647	3883,2624
3579,664	3538,692	3483,611	3522,584
3672,1039	3649,994	3738,953	3760,994
1293,2005	1276,1956	1373,1928	1388,1976
2866,1746	2901,1710	2973,1781	2940,1817
3321,1630	3301,1583	3391,1549	3410,1598
1414,781	1391,739	1478,697	1499,740
1984,1826	1956,1792	2036,1736	2064,1771
1402,1071	1385,1022	1482,994	1497,1042
2340,2378	2370,2340	2448,2403	2419,2442
2786,1109	2758,1075	2838,1019	2866,1054
1251,303	1231,256	1321,222	1340,271
661,1067	659,1018	758,1014	760,1065
2636,1483	2585,1495	2567,1397	2618,1387
905,2588	882,2546	969,2504	990,2547
2671,1838	2643,1804	2723,1748	2751,1783
278,1605	252,1561	339,1514	365,1558
3279,1249	3306,1207	3389,1263	3362,1305
2357,754	2311,779	2268,690	2315,667
2556,1895	2533,1853	2620,1811	2641,1854
1779,1852	1761,1808	1853,1773	1872,1818
2068,1108	2020,1125	1986,1034	2033,1016
720,2554	697,2509	786,2468	808,2509
3057,659	3009,666	2997,564	3043,561
2182,1244	2134,1257	2110,1156	2156,1143
712,1370	662,1373	659,1274	707,1273
2778,2886	2736,2897	2716,2804	2756,2792
1583,2061	1530,2061	1532,1964	1585,1965
616,2096	570,2121	527,2032	574,2009
3349,608	3329,561	3419,527	3438,576
2364,1494	2323,1522	2268,1441	2307,1414
2312,2075	2271,2103	2216,2022	2255,1995
2624,2443	2601,2401	2688,2359	2709,2402
1941,804	1888,804	1890,707	1943,708
3281,2219	3311,2180	3388,2246	3358,2284
2436,1046	2464,1087	2379,1136	2349,1099
3518,310	3477,338	3422,257	3461,230
2597,741	2541,749	2530,651	2582,643
3204,807	3239,771	3311,842	3278,878
983,1108	1010,1066	1093,1122	1066,1164
932,2181	881,2193	863,2095	914,2085
3804,1772	3756,1779	3744,1677	3790,1674
789,1580	736,1580	738,1483	791,1484
2896,1472	2873,1427	2962,1386	2984,1427
1949,562	1899,565	1896,466	1944,465
923,1699	877,1724	834,1635	881,1612
832,948	782,964	760,867	808,854
