3845,2719	3873,2681	3949,2745	3920,2782
1413,1395	1368,1402	1353,1304	1402,1297
2600,1078	2595,1032	2694,1028	2697,1074
1192,817	1226,783	1293,857	1259,889
3143,854	3100,868	3072,765	3120,756
521,1797	549,1760	625,1824	596,1860
1659,2057	1614,2072	1592,1978	1636,1966
1412,1230	1370,1252	1329,1166	1371,1146
1654,1272	1607,1281	1595,1183	1641,1176
535,2141	489,2150	473,2056	518,2047
1696,565	1677,524	1766,486	1785,526
3245,2848	3198,2857	3186,2759	3232,2752
1099,932	1057,954	1016,868	1058,848
1293,588	1274,547	1363,509	1382,549
661,2229	695,2195	762,2269	728,2301
2688,2868	2714,2829	2795,2889	2766,2928
2879,1054	2855,1015	2942,968	2967,1010
1899,2800	1854,2807	1839,2709	1888,2702
502,620	455,629	443,531	489,524
3094,2286	3075,2245	3164,2207	3183,2247
3135,1728	3111,1689	3198,1642	3223,1684
1251,667	1215,696	1159,617	1198,590
2798,1931	2753,1938	2738,1840	2787,1833
2383,2680	2414,2646	2486,2716	2453,2750
2379,2177	2329,2178	2340,2081	2386,2083
1494,2528	1447,2537	1435,2439	1481,2432
1718,1642	1709,1598	1807,1583	1814,1628
3367,2404	3331,2433	3275,2354	3314,2327
693,567	672,526	761,483	781,525
1035,1878	997,1905	948,1822	987,1800
2978,395	2940,422	2891,339	2930,317
3494,2446	3522,2409	3598,2473	3569,2509
3432,1044	3427,998	3526,994	3529,1040
2618,2048	2598,2008	2684,1969	2703,2008
454,1563	418,1592	362,1513	401,1486
3703,2117	3684,2075	3775,2041	3791,2086
499,1043	530,1082	445,1134	417,1095
663,2095	618,2110	596,2016	640,2004
3400,1946	3352,1945	3364,1846	3409,1849
2356,860	2310,869	2294,775	2339,766
1427,1089	1407,1049	1493,1010	1512,1049
2178,1264	2154,1225	2241,1178	2266,1220
3742,1376	3700,1398	3659,1312	3701,1292
3596,2800	3575,2759	3664,2716	3684,2758
1445,2800	1399,2809	1383,2715	1428,2706
3679,2332	3707,2295	3783,2359	3754,2395
592,2786	545,2791	542,2691	589,2691
2473,1402	2428,1413	2409,1320	2452,1311
2781,631	2736,638	2721,540	2770,533
2830,2553	2780,2554	2791,2457	2837,2459
838,270	796,287	761,192	803,174
688,1267	714,1228	795,1288	766,1327
2061,663	2089,625	2165,689	2136,726
1945,1324	1936,1280	2034,1265	2041,1310
2109,1353	2085,1314	2172,1267	2197,1309
2103,1690	2058,1697	2043,1599	2092,1592
3519,2933	3510,2889	3608,2874	3615,2919
3393,621	3357,650	3301,571	3340,544
954,354	978,313	1060,369	1035,408
401,2853	380,2812	469,2769	489,2811
1633,2213	1583,2214	1594,2117	1640,2119
1537,2416	1565,2379	1641,2443	1612,2479
236,375	267,341	339,411	306,445
787,1928	771,1886	863,1853	880,1898
3798,577	3826,539	3902,603	3873,640
1193,1704	1148,1711	1133,1613	1182,1606
1646,878	1641,832	1740,828	1743,874
2228,1105	2204,1066	2291,1019	2316,1061
2990,1298	2947,1312	2919,1209	2967,1200
734,389	692,406	657,311	699,293
2989,1162	2944,1169	2929,1071	2978,1064
3231,1885	3186,1896	3167,1803	3210,1794
2511,2337	2495,2295	2587,2262	2604,2307
2156,2109	2136,2069	2222,2030	2241,2069
1336,2013	1294,2030	1259,1935	1301,1917
2282,1412	2246,1441	2190,1362	2229,1335
1568,343	1523,350	1508,252	1557,245
3059,1040	3083,999	3165,1055	3140,1094
3042,492	3033,448	3131,433	3138,478
2744,1430	2739,1384	2838,1380	2841,1426
873,2133	899,2094	980,2154	951,2193
2701,2491	2655,2500	2639,2406	2684,2397
1022,1524	974,1523	986,1424	1031,1427
2561,2137	2514,2142	2511,2042	2558,2042
776,1559	731,1566	716,1468	765,1461
2808,749	2836,712	2912,776	2883,812
3796,2399	3822,2360	3903,2420	3874,2459
3344,527	3302,549	3261,463	3303,443
2020,730	1978,749	1945,657	1989,641
2519,1576	2500,1534	2591,1500	2607,1545
2529,732	2481,731	2493,632	2538,635
1707,1153	1660,1162	1648,1064	1694,1057
2525,1300	2477,1299	2489,1200	2534,1203
1593,2934	1577,2892	1669,2859	1686,2904
326,2319	307,2277	398,2243	414,2288
319,927	299,887	385,848	404,887
1890,1767	1842,1766	1854,1667	1899,1670
1761,676	1718,690	1690,587	1738,578
846,702	810,731	754,652	793,625
2583,733	2609,694	2690,754	2661,793
460,1422	436,1383	523,1336	548,1378
1591,2708	1567,2669	1654,2622	1679,2664
1137,2304	1090,2313	1078,2215	1124,2208
1193,402	1225,435	1146,498	1116,460
3427,1570	3389,1597	3340,1514	3379,1492
630,1568	580,1569	591,1472	637,1474
3195,2130	3150,2141	3131,2048	3174,2039
1884,1632	1860,1593	1947,1546	1972,1588
1690,1260	1721,1226	1793,1296	1760,1330
1798,2108	1777,2067	1866,2024	1886,2066
2336,2401	2321,2357	2416,2332	2430,2377
3609,1583	3594,1539	3689,1514	3703,1559
1839,2915	1863,2874	1945,2930	1920,2969
3474,797	3446,762	3526,708	3555,742
3310,2918	3294,2873	3390,2846	3404,2892
1006,2032	1001,1986	1100,1982	1103,2028
779,850	741,877	692,794	731,772
2961,1726	2913,1725	2925,1626	2970,1629
2593,953	2548,968	2526,874	2570,862
1605,1711	1558,1716	1555,1616	1602,1616
3022,1607	2994,1572	3074,1518	3103,1552
987,640	963,601	1050,554	1075,596
1286,2601	1266,2561	1352,2522	1371,2561
3855,281	3881,242	3962,302	3933,341
3471,2084	3455,2039	3551,2012	3565,2058
2178,2340	2133,2347	2118,2249	2167,2242
694,2626	674,2586	760,2547	779,2586
3126,2585	3111,2541	3206,2516	3220,2561
3329,2513	3363,2479	3430,2553	3396,2585
2046,1879	1996,1880	2007,1783	2053,1785
3210,1244	3162,1243	3174,1144	3219,1147
3351,1971	3383,2004	3304,2067	3274,2029
3540,1457	3495,1464	3480,1366	3529,1359
1932,476	1885,481	1882,381	1929,381
1112,2588	1070,2605	1035,2510	1077,2492
2050,1497	2074,1456	2156,1512	2131,1551
1408,2400	1389,2358	1480,2324	1496,2369
368,1747	402,1712	471,1785	437,1817
2408,957	2372,986	2316,907	2355,880
1549,774	1504,781	1489,683	1538,676
1567,825	1599,858	1520,921	1490,883
813,1664	768,1675	749,1582	792,1573
2480,1830	2438,1847	2403,1752	2445,1734
2124,2581	2082,2598	2047,2503	2089,2485
2069,556	2022,565	2010,467	2056,460
1703,1679	1734,1718	1649,1770	1621,1731
587,2501	568,2459	659,2425	675,2470
1345,2971	1326,2930	1415,2892	1434,2932
545,3026	529,2981	625,2954	639,3000
715,1055	668,1060	665,960	712,960
1713,962	1741,925	1817,989	1788,1025
1238,1717	1229,1673	1327,1658	1334,1703
2112,2166	2067,2168	2069,2070	2117,2072
2160,1971	2117,1985	2089,1882	2137,1873
2795,2191	2753,2213	2712,2127	2754,2107
1135,1456	1111,1417	1198,1370	1223,1412
2294,530	2328,496	2395,570	2361,602
3292,1374	3276,1332	3368,1299	3385,1344
4038,2282	3996,2299	3961,2204	4003,2186
986,1012	944,1034	903,948	945,928
1347,1494	1371,1453	1453,1509	1428,1548
3567,1340	3520,1345	3517,1245	3564,1245
1284,2309	1241,2323	1213,2220	1261,2211
3241,1057	3269,1019	3345,1083	3316,1120
2564,1376	2559,1330	2658,1326	2661,1372
2179,2388	2210,2427	2125,2479	2097,2440
2636,379	2620,334	2716,307	2730,353
2271,1140	2305,1106	2372,1180	2338,1212
2504,2984	2483,2943	2572,2900	2592,2942
235,1391	269,1356	338,1429	304,1461
2636,1800	2590,1809	2574,1715	2619,1706
3305,1782	3290,1738	3385,1713	3399,1758
1762,2483	1738,2444	1825,2397	1850,2439
1399,1983	1433,1948	1502,2021	1468,2053
2276,450	2228,449	2240,350	2285,353
1120,1237	1075,1248	1056,1155	1099,1146
3376,2262	3402,2223	3483,2283	3454,2322
2245,1753	2221,1714	2308,1667	2333,1709
2946,2564	2927,2523	3016,2485	3035,2525
1825,1012	1859,977	1928,1050	1894,1082
1750,724	1778,687	1854,751	1825,787
2573,1173	2525,1172	2537,1073	2582,1076
1289,2422	1251,2449	1202,2366	1241,2344
1191,1050	1215,1009	1297,1065	1272,1104
3879,2469	3910,2435	3982,2505	3949,2539
1805,2353	1784,2312	1873,2269	1893,2311
2341,1535	2303,1562	2254,1479	2293,1457
901,1707	932,1746	847,1798	819,1759
1367,1675	1393,1636	1474,1696	1445,1735
2817,2063	2841,2022	2923,2078	2898,2117
3251,715	3283,748	3204,811	3174,773
3845,1820	3798,1829	3786,1731	3832,1724
1901,2253	1886,2209	1981,2184	1995,2229
2813,1563	2793,1523	2879,1484	2898,1523
2271,3007	2251,2967	2337,2928	2356,2967
1010,1640	1041,1679	956,1731	928,1692
3067,1452	3101,1418	3168,1492	3134,1524
1749,1493	1740,1449	1838,1434	1845,1479
2837,1862	2868,1828	2940,1898	2907,1932
3460,1608	3488,1571	3564,1635	3535,1671
3272,932	3267,886	3366,882	3369,928
2981,1000	2961,960	3047,921	3066,960
747,2070	781,2036	848,2110	814,2142
1368,2139	1326,2161	1285,2075	1327,2055
3552,1846	3506,1855	3490,1761	3535,1752
1060,1877	1044,1835	1136,1802	1153,1847
1479,2193	1443,2222	1387,2143	1426,2116
1128,948	1152,907	1234,963	1209,1002
3533,1172	3509,1133	3596,1086	3621,1128
2018,2478	1973,2493	1951,2399	1995,2387
947,1327	926,1286	1015,1243	1035,1285
3096,598	3130,563	3199,636	3165,668
1673,1474	1623,1475	1634,1378	1680,1380
981,771	936,778	921,680	970,673
736,2929	760,2888	842,2944	817,2983
3726,1100	3684,1119	3651,1027	3695,1011
2282,2599	2261,2558	2350,2515	2370,2557
2123,904	2151,866	2227,930	2198,967
3713,1856	3671,1878	3630,1792	3672,1772
1570,1905	1554,1860	1650,1833	1664,1879
3820,1589	3773,1594	3770,1494	3817,1494
622,1670	577,1672	579,1574	627,1576
1331,705	1326,659	1425,655	1428,701
3947,2056	3905,2075	3872,1983	3916,1967
2104,1018	2062,1035	2027,940	2069,922
1126,2089	1121,2043	1220,2039	1223,2085
3833,1455	3813,1415	3899,1376	3918,1415
2211,2690	2166,2701	2147,2608	2190,2599
3490,857	3521,823	3593,893	3560,927
2982,1423	2937,1430	2922,1332	2971,1325
2536,1689	2486,1690	2497,1593	2543,1595
2685,1225	2680,1179	2779,1175	2782,1221
2713,810	2744,849	2659,901	2631,862
1713,2222	1708,2176	1807,2172	1810,2218
421,1311	373,1310	385,1211	430,1214
966,2410	997,2376	1069,2446	1036,2480
3061,616	3016,618	3018,520	3066,522
2946,2238	2896,2239	2907,2142	2953,2144
236,1911	217,1870	306,1832	325,1872
1552,540	1583,579	1498,631	1470,592
2032,1197	1986,1206	1970,1112	2015,1103
1140,1104	1098,1123	1065,1031	1109,1015
1965,1990	1920,1992	1922,1894	1970,1896
2956,1762	2990,1728	3057,1802	3023,1834
3542,2297	3523,2255	3614,2221	3630,2266
2325,2283	2278,2288	2275,2188	2322,2188
2441,2019	2399,2041	2358,1955	2400,1935
909,2425	871,2452	822,2369	861,2347
2023,2741	1975,2740	1987,2641	2032,2644
2278,1887	2228,1888	2239,1791	2285,1793
3321,2314	3271,2315	3282,2218	3328,2220
2784,1665	2737,1670	2734,1570	2781,1570
3769,2879	3750,2838	3839,2800	3858,2840
2001,861	1982,819	2073,785	2089,830
1824,1789	1855,1828	1770,1880	1742,1841
2482,2519	2466,2474	2562,2447	2576,2493
682,649	640,666	605,571	647,553
1838,2644	1818,2604	1904,2565	1923,2604
2370,754	2325,761	2310,663	2359,656
2763,2380	2718,2382	2720,2284	2768,2286
978,1186	933,1193	918,1095	967,1088
3457,2584	3491,2550	3558,2624	3524,2656
1224,1893	1200,1854	1287,1807	1312,1849
1879,897	1864,853	1959,828	1973,873
561,1299	542,1257	633,1223	649,1268
783,1431	809,1392	890,1452	861,1491
639,1419	615,1380	702,1333	727,1375
1240,1289	1195,1291	1197,1193	1245,1195
2990,2349	2971,2308	3060,2270	3079,2310
2995,2009	2979,1967	3071,1934	3088,1979
1143,2812	1177,2778	1244,2852	1210,2884
930,2349	906,2310	993,2263	1018,2305
2048,1438	2012,1467	1956,1388	1995,1361
3914,831	3905,787	4003,772	4010,817
2508,843	2461,848	2458,748	2505,748
