3485,909	3440,911	3442,813	3490,815
3553,884	3534,843	3623,805	3642,845
946,1642	941,1596	1040,1592	1043,1638
2387,2448	2337,2449	2348,2352	2394,2354
1936,1792	1968,1825	1889,1888	1859,1850
1621,2063	1647,2024	1728,2084	1699,2123
397,863	352,878	330,784	374,772
495,1593	453,1615	412,1529	454,1509
321,1136	312,1092	410,1077	417,1122
2701,732	2692,688	2790,673	2797,718
1716,2893	1674,2912	1641,2820	1685,2804
622,361	577,363	579,265	627,267
3026,2099	3054,2061	3130,2125	3101,2162
2514,2726	2548,2692	2615,2766	2581,2798
1181,2964	1136,2979	1114,2885	1158,2873
2272,273	2227,284	2208,191	2251,182
3694,1011	3652,1030	3619,938	3663,922
839,2412	834,2366	933,2362	936,2408
1262,703	1241,662	1330,619	1350,661
3941,482	3925,440	4017,407	4034,452
3775,1511	3754,1470	3843,1427	3863,1469
768,917	763,871	862,867	865,913
910,1302	868,1321	835,1229	879,1213
874,2265	846,2230	926,2176	955,2210
3890,2377	3924,2343	3991,2417	3957,2449
1632,1655	1587,1666	1568,1573	1611,1564
3333,2020	3291,2039	3258,1947	3302,1931
392,2419	372,2379	458,2340	477,2379
711,2203	669,2222	636,2130	680,2114
922,1945	956,1910	1025,1983	991,2015
2557,1224	2591,1189	2660,1262	2626,1294
3746,2242	3701,2244	3703,2146	3751,2148
3176,1600	3134,1619	3101,1527	3145,1511
1777,1474	1808,1440	1880,1510	1847,1544
2005,2236	1989,2194	2081,2161	2098,2206
1328,1786	1362,1752	1429,1826	1395,1858
1372,2472	1322,2473	1333,2376	1379,2378
2419,1630	2372,1639	2360,1541	2406,1534
2752,1667	2732,1627	2818,1588	2837,1627
1004,1306	1032,1268	1108,1332	1079,1369
2823,1472	2773,1473	2784,1376	2830,1378
1627,1756	1591,1785	1535,1706	1574,1679
2613,2027	2568,2042	2546,1948	2590,1936
1329,1286	1282,1295	1270,1197	1316,1190
2221,1178	2252,1144	2324,1214	2291,1248
1252,1033	1202,1034	1213,937	1259,939
3523,1146	3507,1101	3603,1074	3617,1120
2060,2452	2012,2451	2024,2352	2069,2355
1793,2800	1777,2755	1873,2728	1887,2774
3161,2890	3185,2849	3267,2905	3242,2944
1910,422	1890,382	1976,343	1995,382
3573,1345	3528,1352	3513,1254	3562,1247
3930,1841	3962,1874	3883,1937	3853,1899
1035,755	990,770	968,676	1012,664
1935,743	1959,702	2041,758	2016,797
682,687	635,696	623,598	669,591
1448,1501	1401,1506	1398,1406	1445,1406
2362,872	2396,838	2463,912	2429,944
1129,2466	1160,2505	1075,2557	1047,2518
1425,1608	1383,1630	1342,1544	1384,1524
1606,1175	1630,1134	1712,1190	1687,1229
1463,2173	1421,2192	1388,2100	1432,2084
3575,2351	3547,2316	3627,2262	3656,2296
1547,1069	1505,1086	1470,991	1512,973
2141,1453	2094,1458	2091,1358	2138,1358
3256,707	3210,716	3194,622	3239,613
634,1001	660,962	741,1022	712,1061
985,1800	949,1829	893,1750	932,1723
2493,1931	2451,1950	2418,1858	2462,1842
2785,2412	2811,2373	2892,2433	2863,2472
2573,1079	2525,1078	2537,979	2582,982
1780,2658	1734,2667	1718,2573	1763,2564
1609,794	1637,757	1713,821	1684,857
1754,381	1716,408	1667,325	1706,303
283,2540	311,2502	387,2566	358,2603
1041,1752	1065,1711	1147,1767	1122,1806
824,2474	782,2496	741,2410	783,2390
2124,640	2150,601	2231,661	2202,700
701,2025	735,1991	802,2065	768,2097
3540,2578	3490,2579	3501,2482	3547,2484
2018,2584	2046,2547	2122,2611	2093,2647
1493,915	1474,873	1565,839	1581,884
2128,1730	2156,1692	2232,1756	2203,1793
2473,2981	2431,2998	2396,2903	2438,2885
1074,644	1027,649	1024,549	1071,549
1813,935	1847,900	1916,973	1882,1005
2764,1900	2759,1854	2858,1850	2861,1896
3798,2529	3822,2488	3904,2544	3879,2583
931,2670	962,2709	877,2761	849,2722
2217,2054	2241,2013	2323,2069	2298,2108
3348,1517	3329,1476	3418,1438	3437,1478
2898,2910	2877,2869	2966,2826	2986,2868
1259,2212	1240,2171	1329,2133	1348,2173
3593,2199	3555,2226	3506,2143	3545,2121
2692,2604	2647,2619	2625,2525	2669,2513
540,1331	494,1340	478,1246	523,1237
2257,555	2285,518	2361,582	2332,618
3106,1388	3063,1402	3035,1299	3083,1290
1611,2269	1561,2270	1572,2173	1618,2175
3103,2280	3098,2234	3197,2230	3200,2276
636,1581	591,1588	576,1490	625,1483
1508,2424	1539,2390	1611,2460	1578,2494
3423,1624	3454,1590	3526,1660	3493,1694
3341,2242	3373,2275	3294,2338	3264,2300
1240,1728	1268,1690	1344,1754	1315,1791
1521,1992	1475,2001	1459,1907	1504,1898
2099,613	2052,618	2049,518	2096,518
1726,1927	1681,1938	1662,1845	1705,1836
1550,2840	1503,2849	1491,2751	1537,2744
3102,830	3055,835	3052,735	3099,735
990,1050	940,1051	951,954	997,956
855,585	887,618	808,681	778,643
2071,807	2105,772	2174,845	2140,877
1682,973	1677,927	1776,923	1779,969
3279,2112	3313,2078	3380,2152	3346,2184
2062,1075	2088,1036	2169,1096	2140,1135
3336,1890	3316,1850	3402,1811	3421,1850
979,2189	1013,2154	1082,2227	1048,2259
178,969	202,928	284,984	259,1023
2578,2199	2533,2214	2511,2120	2555,2108
3551,2915	3504,2924	3492,2826	3538,2819
1316,2036	1271,2051	1249,1957	1293,1945
2254,1534	2216,1561	2167,1478	2206,1456
3232,755	3266,721	3333,795	3299,827
1660,2245	1655,2199	1754,2195	1757,2241
2598,667	2556,689	2515,603	2557,583
2198,885	2226,847	2302,911	2273,948
2925,1012	2875,1013	2886,916	2932,918
326,2051	284,2068	249,1973	291,1955
3350,1676	3308,1698	3267,1612	3309,1592
1396,406	1350,415	1334,321	1379,312
2387,2592	2340,2597	2337,2497	2384,2497
2230,537	2184,546	2168,452	2213,443
3383,2565	3341,2582	3306,2487	3348,2469
1386,966	1370,921	1466,894	1480,940
1122,2271	1154,2304	1075,2367	1045,2329
1970,1273	1998,1236	2074,1300	2045,1336
2290,2228	2248,2245	2213,2150	2255,2132
2690,1196	2675,1152	2770,1127	2784,1172
3017,1842	3001,1797	3097,1770	3111,1816
1198,2815	1178,2775	1264,2736	1283,2775
1789,1120	1817,1083	1893,1147	1864,1183
3207,1036	3160,1045	3148,947	3194,940
3587,1482	3539,1481	3551,1382	3596,1385
632,2047	585,2056	573,1958	619,1951
1349,2227	1381,2260	1302,2323	1272,2285
2807,2054	2757,2055	2768,1958	2814,1960
2171,1880	2199,1842	2275,1906	2246,1943
3460,657	3424,686	3368,607	3407,580
2267,1741	2298,1707	2370,1777	2337,1811
3244,1826	3199,1833	3184,1735	3233,1728
2667,1664	2625,1686	2584,1600	2626,1580
1046,2743	1022,2704	1109,2657	1134,2699
1452,313	1431,272	1520,229	1540,271
3364,1277	3396,1310	3317,1373	3287,1335
732,1729	766,1694	835,1767	801,1799
2061,2022	2085,1981	2167,2037	2142,2076
1734,2460	1768,2426	1835,2500	1801,2532
2820,1093	2854,1059	2921,1133	2887,1165
1732,1398	1711,1357	1800,1314	1820,1356
2956,2522	2940,2477	3036,2450	3050,2496
2744,2258	2702,2280	2661,2194	2703,2174
1796,2151	1824,2113	1900,2177	1871,2214
1618,2696	1568,2697	1579,2600	1625,2602
3379,1002	3411,1035	3332,1098	3302,1060
3630,2894	3654,2853	3736,2909	3711,2948
1895,1605	1923,1567	1999,1631	1970,1668
3069,2543	3095,2504	3176,2564	3147,2603
1903,1305	1855,1304	1867,1205	1912,1208
2497,1404	2531,1369	2600,1442	2566,1474
1164,2086	1121,2100	1093,1997	1141,1988
2283,1429	2317,1395	2384,1469	2350,1501
1065,927	1018,932	1015,832	1062,832
2987,1597	2940,1602	2937,1502	2984,1502
397,1776	354,1790	326,1687	374,1678
4030,2828	3988,2850	3947,2764	3989,2744
1927,1456	1911,1411	2007,1384	2021,1430
3546,2036	3496,2037	3507,1940	3553,1942
1325,1421	1282,1435	1254,1332	1302,1323
2207,2451	2162,2458	2147,2360	2196,2353
1884,806	1841,820	1813,717	1861,708
1609,600	1640,639	1555,691	1527,652
2983,2322	2935,2321	2947,2222	2992,2225
872,1923	827,1930	812,1832	861,1825
2986,720	2944,742	2903,656	2945,636
2467,2408	2458,2364	2556,2349	2563,2394
2368,2302	2352,2257	2448,2230	2462,2276
3241,1196	3269,1159	3345,1223	3316,1259
2952,1961	2983,1927	3055,1997	3022,2031
538,1108	566,1070	642,1134	613,1171
2779,2188	2760,2147	2849,2109	2868,2149
3115,1144	3146,1183	3061,1235	3033,1196
1791,1625	1822,1664	1737,1716	1709,1677
661,1423	689,1386	765,1450	736,1486
2478,2619	2459,2577	2550,2543	2566,2588
3106,629	3058,628	3070,529	3115,532
1973,2043	1928,2050	1913,1952	1962,1945
3536,512	3491,514	3493,416	3541,418
1189,1153	1142,1158	1139,1058	1186,1058
1810,2362	1791,2321	1880,2283	1899,2323
3775,298	3803,261	3879,325	3850,361
733,1130	757,1089	839,1145	814,1184
521,2546	549,2509	625,2573	596,2609
3523,2363	3487,2392	3431,2313	3470,2286
2629,896	2605,857	2692,810	2717,852
587,2265	549,2292	500,2209	539,2187
358,477	392,442	461,515	427,547
2835,1759	2830,1713	2929,1709	2932,1755
1506,1346	1540,1311	1609,1384	1575,1416
1484,1288	1437,1293	1434,1193	1481,1193
2561,2929	2595,2894	2664,2967	2630,2999
2563,1789	2521,1808	2488,1716	2532,1700
2764,1331	2736,1296	2816,1242	2845,1276
3257,1304	3219,1331	3170,1248	3209,1226
1194,1949	1152,1966	1117,1871	1159,1853
3180,2435	3161,2393	3252,2359	3268,2404
2363,2720	2317,2729	2301,2635	2346,2626
1074,1579	1108,1545	1175,1619	1141,1651
824,1462	850,1423	931,1483	902,1522
2423,1204	2454,1243	2369,1295	2341,1256
2986,944	3010,903	3092,959	3067,998
714,2299	740,2260	821,2320	792,2359
2150,1639	2105,1654	2083,1560	2127,1548
2433,789	2391,806	2356,711	2398,693
1338,837	1300,864	1251,781	1290,759
1002,2600	960,2619	927,2527	971,2511
2265,983	2293,946	2369,1010	2340,1046
1204,704	1159,715	1140,622	1183,613
2948,1289	2928,1249	3014,1210	3033,1249
1491,704	1448,718	1420,615	1468,606
2982,2167	2935,2172	2932,2072	2979,2072
2114,2883	2067,2888	2064,2788	2111,2788
3671,1815	3643,1780	3723,1726	3752,1760
924,1191	919,1145	1018,1141	1021,1187
1804,621	1830,582	1911,642	1882,681
2347,2078	2381,2043	2450,2116	2416,2148
2222,1400	2198,1361	2285,1314	2310,1356
3269,1476	3233,1505	3177,1426	3216,1399
442,2661	473,2700	388,2752	360,2713
1393,2568	1421,2530	1497,2594	1468,2631
707,852	669,879	620,796	659,774
599,1816	627,1779	703,1843	674,1879
2271,2552	2233,2579	2184,2496	2223,2474
2664,1935	2643,1894	2732,1851	2752,1893
653,1610	681,1573	757,1637	728,1673
3501,1901	3482,1859	3573,1825	3589,1870
1215,315	1173,332	1138,237	1180,219
2881,2607	2862,2565	2953,2531	2969,2576
3568,757	3540,722	3620,668	3649,702
613,1332	594,1290	685,1256	701,1301
2334,1109	2360,1070	2441,1130	2412,1169
2813,890	2789,851	2876,804	2901,846
1231,2585	1259,2548	1335,2612	1306,2648
3583,627	3545,654	3496,571	3535,549
1710,2372	1663,2377	1660,2277	1707,2277
1241,1098	1267,1059	1348,1119	1319,1158
3100,1515	3055,1526	3036,1433	3079,1424
2714,2424	2672,2443	2639,2351	2683,2335
2759,2622	2735,2583	2822,2536	2847,2578
3902,948	3897,902	3996,898	3999,944
1851,1955	1804,1964	1792,1866	1838,1859
1092,1491	1045,1500	1033,1402	1079,1395
1740,631	1695,633	1697,535	1745,537
2662,1005	2690,967	2766,1031	2737,1068
3516,1022	3471,1024	3473,926	3521,928
1606,1485	1634,1447	1710,1511	1681,1548
564,2389	595,2355	667,2425	634,2459
1986,926	2020,891	2089,964	2055,996
1867,2572	1901,2538	1968,2612	1934,2644
986,2491	965,2450	1054,2407	1074,2449
543,1690	574,1656	646,1726	613,1760
3312,878	3344,911	3265,974	3235,936
2575,1582	2539,1611	2483,1532	2522,1505
2127,1271	2108,1230	2197,1192	2216,1232
2057,1797	2010,1802	2007,1702	2054,1702
3225,1943	3180,1950	3165,1852	3214,1845
2094,1925	2058,1954	2002,1875	2041,1848
2867,519	2899,552	2820,615	2790,577
1983,986	2015,1019	1936,1082	1906,1044
839,2054	867,2017	943,2081	914,2117
458,3010	430,2975	510,2921	539,2955
2701,2164	2655,2173	2639,2079	2684,2070
1576,2082	1540,2111	1484,2032	1523,2005
3420,1212	3411,1168	3509,1153	3516,1198
290,397	274,352	370,325	384,371
1413,2352	1447,2317	1516,2390	1482,2422
2107,2347	2087,2307	2173,2268	2192,2307
520,1396	554,1362	621,1436	587,1468
2969,384	2993,343	3075,399	3050,438
3122,847	3156,812	3225,885	3191,917
3960,1230	3936,1191	4023,1144	4048,1186
2565,1174	2529,1203	2473,1124	2512,1097
2165,2928	2149,2883	2245,2856	2259,2902
2999,1888	2957,1905	2922,1810	2964,1792
2747,1780	2702,1795	2680,1701	2724,1689
