2172,587	2181,531	2311,560	2291,606
3161,837	3202,874	3110,968	3082,925
3758,1088	3705,1114	3653,990	3707,978
2206,1359	2160,1390	2094,1275	2143,1261
1637,2768	1663,2816	1541,2870	1531,2819
3370,776	3350,826	3230,770	3262,728
1573,2155	1562,2101	1692,2084	1688,2133
4007,310	4043,355	3931,432	3913,386
948,1882	923,1936	804,1871	840,1828
2203,1139	2192,1085	2322,1068	2318,1117
1671,668	1724,651	1758,778	1704,781
1722,216	1772,247	1690,353	1657,315
2718,2270	2763,2302	2682,2405	2648,2365
1212,283	1268,292	1234,422	1191,402
1426,2294	1479,2278	1508,2406	1459,2408
3044,1576	2991,1602	2939,1478	2993,1466
522,769	555,815	444,885	426,839
1065,1911	1110,1944	1024,2044	994,2004
1236,2495	1290,2495	1280,2627	1235,2613
3083,2411	3122,2453	3016,2536	2993,2490
729,2318	726,2375	590,2358	608,2309
1102,1117	1109,1174	974,1179	983,1128
2420,1210	2439,1153	2565,1206	2536,1249
1105,2680	1085,2730	965,2674	997,2632
3453,2081	3472,2134	3344,2169	3339,2121
688,1343	699,1397	566,1414	571,1364
3646,1490	3696,1522	3613,1629	3580,1591
374,2811	317,2795	361,2669	406,2694
1371,761	1371,704	1506,712	1493,759
2217,2386	2160,2372	2203,2245	2248,2271
1825,1839	1772,1865	1720,1741	1774,1729
1017,2101	1067,2132	985,2238	952,2200
1451,2604	1471,2657	1345,2695	1340,2644
1944,2733	1893,2758	1843,2633	1894,2625
2204,252	2203,309	2070,297	2084,249
3532,916	3504,968	3392,897	3427,858
343,1765	345,1821	212,1816	223,1765
2579,1759	2550,1711	2666,1649	2681,1699
1959,604	1992,650	1881,720	1863,674
383,1223	419,1268	307,1345	289,1299
4028,899	4021,954	3890,928	3910,880
3252,2084	3302,2116	3222,2223	3186,2185
2789,1937	2828,1979	2722,2062	2699,2016
3666,2799	3685,2742	3811,2795	3782,2838
592,1644	620,1594	734,1671	698,1705
2993,2336	2981,2393	2851,2355	2876,2308
880,994	920,961	995,1072	951,1088
3566,380	3596,331	3708,409	3671,443
2697,1111	2669,1163	2557,1092	2592,1053
3188,2920	3214,2968	3092,3022	3082,2971
2187,2164	2158,2116	2274,2054	2289,2104
3599,1881	3612,1939	3478,1959	3481,1905
3423,1627	3464,1664	3372,1758	3344,1715
360,1893	373,1951	239,1971	242,1917
1213,2835	1156,2848	1133,2716	1183,2718
456,2226	403,2256	343,2135	395,2121
1255,2230	1208,2261	1140,2147	1189,2132
2804,1301	2753,1331	2687,1212	2739,1196
3400,1156	3372,1108	3492,1049	3504,1098
2033,1140	2086,1161	2028,1284	1986,1252
1364,838	1421,835	1419,968	1368,956
3935,1558	3961,1604	3844,1660	3832,1614
3552,642	3536,697	3410,648	3438,605
1525,1119	1551,1165	1434,1221	1422,1175
1416,1358	1472,1367	1438,1497	1395,1477
2383,1599	2384,1541	2519,1550	2504,1601
893,1403	888,1348	1020,1341	1011,1391
3809,2360	3837,2307	3951,2376	3914,2414
1286,1119	1262,1166	1147,1103	1181,1065
1354,2898	1361,2955	1226,2960	1235,2909
872,1200	849,1252	732,1193	764,1151
583,563	553,511	673,451	687,501
2511,422	2566,446	2503,565	2461,532
2498,846	2526,793	2640,862	2603,900
2214,2431	2240,2477	2123,2533	2111,2487
3000,748	3010,805	2876,825	2879,773
3137,774	3090,805	3022,691	3071,676
642,868	584,861	608,725	656,745
1183,799	1211,746	1325,815	1288,853
1016,1781	959,1765	1003,1639	1048,1664
1357,1739	1374,1687	1501,1741	1470,1780
2197,2855	2216,2798	2342,2851	2313,2894
775,1554	722,1574	683,1448	736,1445
1798,1435	1827,1483	1711,1542	1697,1494
1551,1979	1552,1921	1687,1930	1672,1981
3288,1222	3259,1174	3375,1112	3390,1162
2249,1521	2305,1508	2330,1638	2277,1639
1237,945	1230,1000	1099,974	1119,926
2116,2630	2148,2675	2036,2746	2019,2697
1044,732	1105,733	1093,868	1042,854
784,2087	823,2129	717,2212	694,2166
3552,1400	3493,1393	3517,1259	3567,1280
3283,1248	3309,1294	3192,1350	3180,1304
3168,1043	3169,985	3304,994	3289,1045
1964,1983	1988,1935	2102,2001	2067,2038
1849,2179	1821,2131	1941,2072	1953,2121
3298,604	3291,659	3160,633	3180,585
3482,2678	3510,2628	3624,2705	3588,2739
2889,1122	2873,1177	2747,1128	2775,1085
806,1651	867,1652	855,1787	804,1773
1882,954	1877,899	2009,892	2000,942
2373,1755	2370,1703	2502,1703	2490,1754
1605,1269	1618,1211	1749,1253	1722,1299
2056,2865	2111,2852	2136,2981	2086,2981
2881,640	2852,592	2968,530	2983,580
3007,2200	3026,2143	3152,2196	3123,2239
1929,2300	1928,2357	1795,2345	1809,2297
2519,2043	2569,2075	2486,2182	2453,2144
2814,879	2867,900	2817,1022	2773,992
1197,1755	1221,1707	1335,1773	1300,1810
3186,1883	3174,1940	3044,1902	3069,1855
912,2350	945,2396	834,2466	816,2420
1892,1971	1838,1992	1794,1864	1849,1858
1563,975	1570,1032	1435,1037	1444,986
2789,2542	2837,2573	2754,2679	2721,2640
3356,1474	3402,1510	3312,1608	3281,1566
2412,2610	2396,2665	2270,2616	2298,2573
375,422	394,475	266,510	261,462
2244,728	2299,715	2324,844	2274,844
3130,1630	3163,1676	3052,1746	3034,1700
904,590	908,644	777,646	786,595
1892,1746	1897,1693	2028,1714	2010,1759
2082,2440	2045,2487	1944,2400	1986,2367
1719,939	1769,971	1686,1078	1653,1040
2345,946	2321,999	2203,934	2239,892
627,1004	599,956	719,897	731,946
2332,237	2378,273	2288,371	2257,329
2588,2433	2542,2464	2476,2349	2525,2335
3543,2226	3584,2263	3492,2357	3464,2314
1568,2519	1591,2572	1465,2621	1456,2569
1072,1615	1023,1584	1100,1472	1136,1509
3538,2486	3545,2543	3410,2548	3419,2497
2845,2156	2845,2099	2980,2107	2967,2154
1935,1418	1959,1370	2073,1436	2038,1473
699,2759	715,2812	587,2842	585,2794
2848,1379	2898,1411	2818,1518	2782,1480
788,2501	841,2522	783,2645	741,2613
2282,2008	2240,1967	2341,1876	2368,1919
2967,1893	2960,1948	2829,1922	2849,1874
3198,1381	3223,1434	3095,1482	3087,1433
3346,1891	3293,1921	3233,1800	3285,1786
1804,1191	1857,1174	1891,1301	1837,1304
3348,2399	3306,2358	3407,2267	3434,2310
3385,2551	3376,2607	3247,2573	3269,2528
1405,2175	1359,2206	1293,2091	1342,2077
2913,2479	2967,2479	2957,2611	2912,2597
3092,1020	3103,1074	2970,1091	2975,1041
429,1450	407,1399	534,1356	540,1406
551,1259	522,1211	638,1149	653,1199
2659,1537	2658,1594	2525,1582	2539,1534
1656,491	1681,544	1553,592	1545,543
2851,1795	2797,1816	2753,1688	2808,1682
2376,1291	2433,1283	2444,1416	2394,1409
2715,787	2664,812	2614,687	2665,679
1395,1931	1371,1984	1253,1919	1289,1877
1312,2344	1275,2391	1174,2304	1216,2271
2983,1201	3019,1246	2907,1323	2889,1277
1948,2543	1928,2600	1805,2547	1835,2501
1638,1446	1642,1500	1511,1502	1520,1451
870,2823	845,2877	726,2812	762,2769
2134,1824	2182,1855	2099,1961	2066,1922
626,2053	579,2084	511,1970	560,1955
2531,993	2560,1041	2444,1100	2430,1052
2558,690	2505,710	2466,584	2519,581
2663,1410	2665,1466	2532,1461	2543,1410
2493,2286	2469,2333	2354,2270	2388,2232
1164,1344	1110,1337	1132,1208	1180,1226
3260,2495	3207,2525	3147,2404	3199,2390
3084,2000	3116,2045	3004,2116	2987,2067
923,2488	963,2455	1038,2566	994,2582
2788,224	2833,257	2747,357	2717,317
2720,455	2766,491	2676,589	2645,547
1533,1609	1563,1560	1675,1638	1638,1672
2143,702	2123,752	2003,696	2035,654
3111,1241	3057,1217	3119,1099	3161,1131
3644,627	3663,570	3789,623	3760,666
3143,491	3166,544	3040,593	3031,541
3420,1456	3448,1406	3562,1483	3526,1517
2368,2774	2377,2718	2507,2747	2487,2793
891,892	837,913	793,785	848,779
993,1545	970,1597	853,1538	885,1496
3515,2054	3532,2002	3659,2056	3628,2095
1633,2342	1690,2334	1701,2467	1651,2460
1100,619	1116,672	988,702	986,654
2688,2142	2718,2093	2830,2171	2793,2205
2082,240	2070,297	1940,259	1965,212
2093,2194	2147,2210	2101,2335	2059,2308
767,1846	769,1902	636,1897	647,1846
2152,1739	2101,1764	2051,1639	2102,1631
1078,2414	1020,2407	1044,2271	1092,2291
1677,1818	1653,1865	1538,1802	1572,1764
2312,1411	2332,1464	2206,1502	2201,1451
2495,2623	2453,2582	2554,2491	2581,2534
1729,2520	1761,2565	1649,2636	1632,2587
1915,1527	1965,1559	1882,1666	1849,1628
584,2123	637,2106	671,2233	617,2236
2088,1489	2142,1505	2096,1630	2054,1603
1180,1623	1181,1565	1316,1574	1301,1625
2134,899	2081,919	2042,793	2095,790
1278,598	1328,630	1248,737	1212,699
1342,1137	1397,1161	1334,1280	1292,1247
1815,817	1868,838	1810,961	1768,929
1416,1506	1466,1537	1384,1643	1351,1605
586,2547	529,2533	572,2406	617,2432
2474,1899	2491,1847	2618,1901	2587,1940
1502,832	1521,775	1647,828	1618,871
3650,1746	3630,1803	3507,1750	3537,1704
1288,1467	1281,1522	1150,1496	1170,1448
2304,1778	2280,1831	2162,1766	2198,1724
1184,1851	1229,1883	1148,1986	1114,1946
1812,2236	1792,2286	1672,2230	1704,2188
1429,2051	1399,1999	1519,1939	1533,1989
1965,854	1911,847	1933,718	1981,736
879,2066	833,2097	767,1982	816,1968
1496,603	1476,660	1353,607	1383,561
2698,2426	2739,2463	2647,2557	2619,2514
778,1420	749,1372	865,1310	880,1360
2340,834	2337,782	2469,782	2457,833
501,1799	554,1782	588,1909	534,1912
3190,1574	3243,1558	3272,1686	3223,1688
1680,1662	1681,1604	1816,1613	1801,1664
2092,1061	2038,1054	2060,925	2108,943
3424,1967	3426,2023	3293,2018	3304,1967
2772,1657	2718,1678	2674,1550	2729,1544
3021,2871	3025,2925	2894,2927	2903,2876
2352,716	2310,675	2411,584	2438,627
2785,2900	2741,2861	2837,2766	2867,2811
4000,668	4007,725	3872,730	3881,679
1269,1970	1314,2003	1228,2103	1198,2063
344,1466	348,1520	217,1522	226,1471
3559,729	3612,713	3641,841	3592,843
2310,2398	2365,2385	2390,2514	2340,2514
1845,2437	1833,2494	1703,2456	1728,2409
3635,1017	3637,1073	3504,1068	3515,1017
3162,2304	3167,2251	3298,2272	3280,2317
1748,1969	1803,1993	1740,2112	1698,2079
1954,1078	1947,1133	1816,1107	1836,1059
2823,2361	2873,2393	2790,2500	2757,2462
1378,2377	1417,2419	1311,2502	1288,2456
3641,1208	3621,1258	3501,1202	3533,1160
