1494,2701	1437,2685	1481,2559	1526,2584
2265,1179	2321,1188	2287,1318	2244,1298
2783,1873	2828,1905	2747,2008	2713,1968
1409,1057	1357,1028	1426,914	1466,950
1940,1498	1912,1550	1800,1479	1835,1440
2175,428	2184,372	2314,401	2294,447
2999,2505	3055,2492	3080,2622	3027,2623
1217,1908	1171,1939	1105,1824	1154,1810
3362,995	3303,990	3322,858	3371,876
1968,791	1977,735	2107,764	2087,810
4057,1273	4041,1328	3915,1279	3943,1236
1406,1340	1355,1365	1305,1240	1356,1232
3086,1432	3034,1459	2979,1338	3031,1325
2586,2067	2527,2060	2551,1926	2601,1947
3286,1891	3232,1867	3294,1749	3336,1781
364,2499	339,2553	220,2488	256,2445
502,605	443,598	467,464	517,485
884,1995	934,2027	854,2134	818,2096
1181,2515	1161,2572	1038,2519	1068,2473
385,2679	398,2737	264,2757	267,2703
1294,1440	1330,1485	1218,1562	1200,1516
1025,387	979,418	913,303	962,289
2689,2336	2680,2392	2551,2358	2573,2313
2044,1548	2083,1590	1977,1673	1954,1627
604,1073	596,1132	463,1102	484,1054
1973,2133	2030,2130	2028,2263	1977,2251
3393,395	3381,452	3251,414	3276,367
1216,2966	1196,3016	1076,2960	1108,2918
1050,2662	1100,2694	1017,2801	984,2763
2702,1487	2711,1431	2841,1460	2821,1506
435,1703	424,1649	554,1632	550,1681
2969,487	2982,429	3113,471	3086,517
707,1750	650,1736	693,1609	738,1635
3293,2172	3269,2122	3394,2074	3403,2123
3309,2501	3296,2555	3165,2518	3188,2474
1494,1620	1510,1673	1382,1703	1380,1655
1802,493	1855,514	1805,636	1761,606
1771,1111	1729,1070	1830,979	1857,1022
3970,1999	3933,2046	3832,1959	3874,1926
1048,1787	1071,1840	945,1889	936,1837
2808,1169	2840,1214	2728,1285	2711,1236
2098,1158	2044,1179	2000,1051	2055,1045
264,1394	264,1337	399,1345	386,1392
323,1038	300,1090	183,1031	215,989
2383,2537	2409,2585	2287,2639	2277,2588
868,2346	860,2405	727,2375	748,2327
2145,1506	2198,1490	2227,1618	2178,1620
1747,1718	1688,1713	1707,1581	1756,1599
1463,526	1406,510	1450,384	1495,409
2447,2003	2422,2057	2303,1992	2339,1949
3412,1627	3383,1579	3499,1517	3514,1567
2045,2560	1987,2553	2011,2417	2059,2437
2743,1691	2738,1636	2870,1629	2861,1679
1520,2336	1568,2366	1494,2476	1459,2438
3843,2143	3852,2087	3982,2116	3962,2162
2431,718	2459,668	2573,745	2537,779
3879,1699	3837,1658	3938,1567	3965,1610
3031,1727	3007,1780	2889,1715	2925,1673
3917,979	3860,965	3903,838	3948,864
2269,1868	2288,1921	2160,1956	2155,1908
1830,1876	1880,1901	1816,2018	1778,1985
668,787	722,803	676,928	634,901
1049,991	1099,1023	1016,1130	983,1092
1657,2086	1637,2136	1517,2080	1549,2038
2636,1294	2613,1346	2496,1287	2528,1245
1306,2123	1351,2155	1270,2258	1236,2218
1769,2381	1715,2357	1777,2239	1819,2271
1685,771	1724,813	1618,896	1595,850
2235,990	2189,1021	2123,906	2172,892
418,256	472,272	426,397	384,370
1941,2791	1884,2777	1927,2650	1972,2676
1163,1668	1164,1610	1299,1619	1284,1670
2592,1616	2642,1647	2560,1753	2527,1715
1286,2730	1239,2761	1171,2647	1220,2632
1312,1080	1362,1112	1279,1219	1246,1181
892,868	924,913	812,984	795,935
3788,2158	3799,2212	3666,2229	3671,2179
653,2300	703,2332	623,2439	587,2401
2390,2769	2337,2789	2298,2663	2351,2660
2099,1785	2079,1835	1959,1779	1991,1737
1096,2000	1103,2057	968,2062	977,2011
2982,975	2925,988	2902,856	2952,858
3509,1932	3566,1938	3542,2069	3494,2049
1087,1365	1120,1411	1009,1481	991,1435
807,1163	843,1208	731,1285	713,1239
1000,2465	977,2517	860,2458	892,2416
3150,1093	3122,1145	3010,1074	3045,1035
711,1460	752,1497	660,1591	632,1548
3097,2277	3044,2297	3005,2171	3058,2168
3778,1130	3724,1151	3680,1023	3735,1017
3551,1023	3548,1080	3412,1063	3430,1014
3498,1327	3551,1348	3501,1470	3457,1440
3686,1888	3743,1894	3719,2025	3671,2005
2112,2081	2112,2024	2247,2032	2234,2079
1261,1360	1208,1380	1169,1254	1222,1251
644,2750	591,2776	539,2652	593,2640
1044,2168	1094,2200	1014,2307	978,2269
1587,1717	1529,1709	1554,1579	1603,1599
1485,2730	1541,2739	1507,2869	1464,2849
1370,1968	1386,2021	1258,2051	1256,2003
1046,1634	999,1665	931,1551	980,1536
3624,1771	3596,1823	3484,1752	3519,1713
1366,798	1394,748	1508,825	1472,859
2912,565	2922,622	2788,642	2791,590
3704,330	3757,351	3707,473	3663,443
3262,2048	3216,2079	3150,1964	3199,1950
868,2549	922,2565	876,2690	834,2663
679,1374	698,1317	824,1370	795,1413
2337,1710	2398,1711	2386,1846	2335,1832
3628,2811	3656,2761	3770,2838	3734,2872
3876,1030	3937,1031	3925,1166	3874,1152
3163,1826	3139,1873	3024,1810	3058,1772
3195,1396	3165,1344	3285,1284	3299,1334
1035,1210	1059,1162	1173,1228	1138,1265
2936,2275	2952,2328	2824,2358	2822,2310
2638,774	2639,716	2774,725	2759,776
2648,2504	2696,2534	2622,2644	2587,2606
1671,2395	1719,2426	1636,2532	1603,2493
2751,2229	2699,2200	2768,2086	2808,2122
1548,1871	1550,1927	1417,1922	1428,1871
520,1245	575,1269	512,1388	470,1355
2868,1011	2901,1057	2790,1127	2772,1081
1781,721	1821,688	1896,799	1852,815
3511,2453	3557,2489	3467,2587	3436,2545
2490,1359	2538,1390	2455,1496	2422,1457
824,614	877,635	819,758	777,726
3526,728	3501,782	3382,717	3418,674
3241,845	3184,831	3227,704	3272,730
1520,1483	1463,1467	1507,1341	1552,1366
810,271	788,220	915,177	921,227
3045,2027	3029,2082	2903,2033	2931,1990
2195,2405	2143,2376	2212,2262	2252,2298
1824,2123	1881,2129	1857,2260	1809,2240
1072,758	1098,804	981,860	969,814
2368,2181	2355,2235	2224,2198	2247,2154
2951,1313	2923,1365	2811,1294	2846,1255
3537,1180	3515,1129	3642,1086	3648,1136
3032,1595	3062,1546	3174,1624	3137,1658
2421,1158	2430,1102	2560,1131	2540,1177
1947,2465	1939,2524	1806,2494	1827,2446
2341,733	2321,783	2201,727	2233,685
2075,1261	2051,1211	2176,1163	2185,1212
1713,1222	1690,1274	1573,1215	1605,1173
3373,551	3418,584	3332,684	3302,644
1346,1768	1392,1804	1302,1902	1271,1860
1292,872	1272,929	1149,876	1179,830
1135,772	1086,741	1163,629	1199,666
2227,595	2227,538	2362,546	2349,593
3172,2845	3150,2794	3277,2751	3283,2801
571,2102	628,2094	639,2227	589,2220
3171,2368	3181,2425	3047,2445	3050,2393
3425,2391	3397,2443	3285,2372	3320,2333
1687,2881	1696,2825	1826,2854	1806,2900
1647,1516	1617,1464	1737,1404	1751,1454
1847,1302	1823,1349	1708,1286	1742,1248
2153,662	2100,692	2040,571	2092,557
2634,2940	2638,2994	2507,2996	2516,2945
3154,981	3149,926	3281,919	3272,969
3970,2589	3981,2643	3848,2660	3853,2610
2552,2192	2528,2239	2413,2176	2447,2138
1299,535	1240,530	1259,398	1308,416
3257,1065	3310,1048	3344,1175	3290,1178
2349,2941	2368,2884	2494,2937	2465,2980
2350,2381	2306,2342	2402,2247	2432,2292
3793,2656	3806,2714	3672,2734	3675,2680
3494,1214	3501,1271	3366,1276	3375,1225
3032,602	3073,639	2981,733	2953,690
2991,1558	2954,1605	2853,1518	2895,1485
3198,1285	3145,1311	3093,1187	3147,1175
1356,2324	1401,2356	1320,2459	1286,2419
846,1364	818,1316	938,1257	950,1306
2700,1088	2643,1101	2620,969	2670,971
1431,2252	1382,2221	1459,2109	1495,2146
3542,2203	3555,2261	3421,2281	3424,2227
2525,973	2468,986	2445,854	2495,856
1627,1058	1620,1113	1489,1087	1509,1039
357,1940	385,1887	499,1956	462,1994
1626,1902	1572,1895	1594,1766	1642,1784
3591,2357	3644,2378	3594,2500	3550,2470
1226,2244	1251,2297	1123,2345	1115,2296
1876,2002	1895,1945	2021,1998	1992,2041
2152,1426	2136,1481	2010,1432	2038,1389
1971,1223	1918,1249	1866,1125	1920,1113
2789,2539	2817,2486	2931,2555	2894,2593
3236,1617	3187,1586	3264,1474	3300,1511
727,1902	782,1889	807,2018	757,2018
2053,471	2066,529	1932,549	1935,495
2383,1457	2433,1489	2350,1596	2317,1558
1907,945	1924,893	2051,947	2020,986
1652,571	1697,603	1616,706	1582,666
1188,1083	1131,1067	1175,941	1220,966
2463,1765	2520,1762	2518,1895	2467,1883
1921,1328	1945,1280	2059,1346	2024,1383
699,1864	653,1895	587,1780	636,1766
1621,2340	1564,2326	1607,2199	1652,2225
437,864	465,814	579,891	543,925
1356,619	1381,672	1253,720	1245,671
664,2036	627,2083	526,1996	568,1963
663,561	718,585	655,704	613,671
1800,2513	1841,2550	1749,2644	1721,2601
1392,300	1387,245	1519,238	1510,288
834,1590	890,1577	915,1707	862,1708
2195,2554	2228,2600	2117,2670	2099,2624
629,2478	682,2499	624,2622	582,2590
725,2156	779,2172	733,2297	691,2270
2470,585	2483,527	2614,569	2587,615
907,1077	957,1109	874,1216	841,1178
2936,1196	2933,1144	3065,1144	3053,1195
3301,2325	3264,2372	3163,2285	3205,2252
1432,2552	1419,2606	1288,2569	1311,2525
1243,310	1232,256	1362,239	1358,288
888,575	918,526	1030,604	993,638
3480,1749	3460,1806	3337,1753	3367,1707
2537,2468	2525,2525	2395,2487	2420,2440
2914,2454	2903,2400	3033,2383	3029,2432
2278,879	2295,827	2422,881	2391,920
858,2148	914,2157	880,2287	837,2267
2703,1474	2691,1531	2561,1493	2586,1446
2697,1740	2747,1772	2667,1879	2631,1841
3548,945	3491,931	3534,804	3579,830
3137,748	3160,801	3034,850	3025,798
3271,1720	3243,1772	3131,1701	3166,1662
2839,2778	2836,2726	2968,2726	2956,2777
3814,854	3768,885	3702,770	3751,756
1974,597	2000,643	1883,699	1871,653
2941,1934	2883,1926	2908,1796	2957,1816
2820,856	2856,901	2744,978	2726,932
3129,606	3157,553	3271,622	3234,660
1827,1748	1846,1691	1972,1744	1943,1787
1224,2019	1257,2065	1146,2135	1128,2089
2111,2336	2098,2390	1967,2353	1990,2309
859,1562	805,1555	827,1426	875,1444
2267,1109	2223,1070	2319,975	2349,1020
1515,636	1491,689	1373,624	1409,582
2240,1469	2181,1462	2205,1328	2255,1349
2752,590	2744,649	2611,619	2632,571
1434,1981	1487,1965	1516,2093	1467,2095
2228,1640	2281,1661	2223,1784	2181,1752
3618,573	3666,604	3583,710	3550,671
2880,810	2826,803	2848,674	2896,692
794,1763	850,1750	875,1880	822,1881
705,1035	755,1067	672,1174	639,1136
2798,2445	2791,2500	2660,2474	2680,2426
382,2040	443,2041	431,2176	380,2162
1543,1165	1566,1218	1440,1267	1431,1215
3363,1927	3417,1927	3407,2059	3362,2045
3633,1479	3653,1532	3527,1570	3522,1519
1755,899	1787,944	1675,1015	1658,966
