3836,1624	3884,1618	3901,1735	3851,1730
2496,2500	2534,2528	2469,2624	2435,2586
1256,1796	1263,1749	1382,1768	1364,1815
1718,2537	1765,2544	1746,2662	1701,2643
3042,2641	3039,2591	3158,2588	3149,2637
2469,3007	2485,2961	2600,3000	2575,3044
2398,1312	2352,1329	2311,1218	2361,1212
1322,1557	1285,1522	1366,1433	1395,1475
1035,1348	1027,1397	908,1379	925,1333
3927,1978	3896,2018	3802,1945	3839,1912
3461,1602	3463,1651	3346,1659	3355,1609
3232,1098	3278,1113	3238,1228	3195,1199
3704,749	3727,792	3628,851	3613,803
1605,276	1621,323	1510,363	1504,313
637,2274	678,2304	607,2398	573,2359
414,1329	398,1376	284,1335	311,1293
3575,1882	3581,1929	3464,1941	3470,1891
3523,1125	3486,1090	3567,1001	3596,1043
717,1221	743,1260	647,1329	627,1283
2971,947	3016,966	2974,1076	2931,1049
2501,1607	2457,1635	2391,1536	2438,1518
3389,2145	3439,2145	3436,2265	3387,2254
2313,886	2269,863	2323,756	2363,787
3849,448	3828,493	3720,441	3749,401
2883,646	2924,673	2861,774	2824,738
2667,314	2705,342	2640,438	2606,400
2802,1436	2816,1482	2704,1518	2700,1468
526,2202	483,2177	546,2073	583,2106
1431,1490	1447,1444	1562,1483	1537,1527
3520,3025	3496,2983	3600,2923	3617,2969
1253,1743	1208,1759	1164,1648	1214,1641
2319,494	2368,483	2398,599	2348,600
659,377	608,371	624,252	671,269
1990,195	2031,222	1968,323	1931,287
3466,380	3507,410	3436,504	3402,465
314,1952	311,1902	430,1899	421,1948
3064,1423	3027,1388	3108,1299	3137,1341
2076,671	2110,707	2021,788	1996,744
790,346	797,299	916,318	898,365
1096,1957	1098,1907	1218,1910	1206,1959
2295,1929	2252,1953	2188,1851	2235,1834
2268,2711	2314,2697	2348,2810	2298,2813
371,198	387,245	276,285	270,235
3069,450	3053,497	2939,456	2966,414
3147,2093	3194,2100	3175,2218	3130,2199
2678,2325	2714,2355	2641,2448	2610,2411
1145,839	1193,833	1210,950	1160,945
2709,2604	2732,2561	2837,2615	2806,2653
1754,1124	1709,1103	1759,993	1798,1022
1406,2098	1362,2126	1296,2027	1343,2009
1167,640	1169,689	1052,697	1061,647
2310,2580	2310,2533	2432,2531	2419,2580
936,914	981,933	939,1043	896,1016
2891,2644	2941,2644	2938,2764	2889,2753
1299,1148	1349,1155	1334,1271	1286,1256
3275,1790	3303,1830	3207,1899	3188,1853
3736,601	3714,646	3605,592	3636,552
867,1990	830,1955	911,1866	940,1908
657,1191	606,1185	622,1066	669,1083
3269,791	3292,749	3397,802	3364,841
2174,1455	2215,1482	2152,1583	2115,1547
1576,2243	1620,2265	1570,2372	1530,2339
1365,543	1401,573	1328,666	1297,629
3012,2222	3062,2229	3047,2345	2999,2330
1490,1938	1513,1981	1414,2040	1399,1992
1107,1010	1153,1025	1113,1140	1070,1111
798,2295	845,2302	826,2420	781,2401
2005,2679	2053,2673	2070,2790	2020,2785
2977,2052	2969,2005	3085,1981	3084,2034
3279,387	3233,404	3192,293	3242,287
3340,633	3316,677	3211,619	3245,581
1194,2483	1182,2530	1063,2504	1085,2461
1767,669	1720,655	1751,540	1796,562
363,2412	314,2405	329,2285	376,2301
735,660	780,674	747,789	704,762
721,968	713,921	829,897	828,950
2749,571	2746,620	2625,613	2638,564
2736,1713	2783,1720	2764,1838	2719,1819
2556,863	2579,823	2686,882	2652,918
1362,453	1347,500	1231,461	1257,417
2389,791	2389,744	2511,742	2498,791
1887,2478	1836,2472	1852,2353	1899,2370
3467,2353	3469,2402	3352,2410	3361,2360
846,434	855,480	737,508	739,459
3955,2237	3911,2214	3965,2107	4005,2138
2361,1912	2395,1948	2306,2029	2281,1985
1770,3006	1751,2961	1862,2917	1870,2965
2548,2278	2501,2290	2471,2173	2521,2172
2896,1160	2886,1209	2770,1187	2791,1140
1630,957	1586,934	1640,827	1680,858
1810,2051	1788,2096	1679,2042	1710,2002
3710,330	3695,377	3579,338	3605,294
3270,334	3267,284	3386,281	3377,330
3154,2832	3204,2830	3208,2947	3159,2939
1960,1657	1911,1651	1926,1532	1973,1547
1790,548	1813,505	1918,559	1887,597
3425,1483	3474,1472	3504,1588	3454,1589
865,2852	888,2810	993,2863	960,2902
1877,980	1923,966	1958,1079	1907,1082
2658,1912	2648,1960	2530,1934	2551,1888
1739,1412	1689,1405	1704,1287	1752,1307
896,2477	919,2434	1024,2488	993,2526
3035,1647	3023,1694	2904,1668	2926,1625
1227,694	1280,695	1277,814	1227,801
2600,1337	2638,1365	2573,1461	2539,1423
3968,2541	4002,2577	3913,2658	3888,2614
1653,2716	1691,2744	1626,2840	1592,2802
3126,2371	3172,2386	3132,2501	3089,2472
2302,1025	2344,1050	2279,1150	2245,1114
2953,1287	2934,1242	3045,1198	3053,1246
3349,1419	3349,1372	3471,1370	3458,1419
3683,1420	3724,1447	3658,1546	3622,1508
1723,166	1765,191	1700,291	1666,255
1238,1574	1195,1598	1131,1496	1178,1479
2403,1771	2359,1793	2303,1687	2353,1674
1398,2556	1364,2522	1449,2435	1475,2476
1828,1743	1784,1771	1718,1672	1765,1654
2585,950	2595,998	2477,1023	2478,973
1373,2879	1368,2832	1486,2820	1480,2868
2557,1675	2605,1669	2622,1786	2572,1781
1409,1696	1385,1654	1489,1594	1506,1640
3266,920	3300,956	3211,1037	3186,993
481,2397	502,2442	392,2492	382,2445
1021,870	978,889	926,782	974,770
2203,687	2169,653	2254,566	2280,607
1511,1189	1551,1216	1485,1316	1451,1281
2818,1292	2864,1307	2824,1422	2781,1393
334,506	310,464	414,406	428,453
2545,1196	2595,1203	2580,1319	2532,1304
2085,2221	2048,2186	2129,2097	2158,2139
3568,1623	3609,1650	3543,1749	3507,1711
911,2069	899,2116	780,2090	802,2047
1954,1403	2002,1397	2019,1514	1969,1509
2470,304	2518,298	2535,415	2485,410
3265,1604	3275,1652	3157,1677	3158,1627
3073,1509	3099,1469	3202,1530	3167,1566
1224,2174	1178,2191	1137,2080	1187,2074
815,2850	791,2893	686,2840	719,2801
2038,2443	2079,2470	2013,2569	1977,2531
2756,928	2762,881	2880,894	2862,940
529,719	582,720	579,839	529,826
2766,2181	2812,2202	2761,2312	2722,2283
3128,832	3110,878	3001,833	3029,792
395,2141	373,2186	264,2132	295,2092
691,1042	741,1040	745,1157	696,1149
1248,1055	1274,1015	1377,1076	1342,1112
674,1436	671,1485	550,1478	563,1429
1089,309	1134,323	1101,438	1058,411
1360,2172	1407,2179	1388,2297	1343,2278
3311,2668	3274,2633	3355,2544	3384,2586
1899,1663	1952,1664	1949,1783	1899,1770
787,1706	742,1685	792,1575	831,1604
3142,1703	3151,1749	3033,1777	3035,1728
2104,1243	2080,1201	2184,1143	2198,1190
2226,2310	2249,2352	2145,2407	2133,2361
2017,2398	1998,2353	2109,2309	2117,2357
3409,2504	3455,2490	3489,2603	3439,2606
1683,677	1719,707	1646,800	1615,763
903,1076	941,1104	876,1200	842,1162
983,604	1006,646	902,701	890,655
208,828	215,781	334,800	316,847
971,2747	947,2705	1051,2645	1068,2691
1680,2507	1636,2531	1575,2427	1625,2412
1756,861	1802,847	1836,960	1786,963
1677,1856	1679,1905	1562,1913	1571,1863
1144,2364	1150,2317	1268,2330	1250,2376
1470,1096	1485,1050	1600,1089	1572,1132
336,2819	382,2808	413,2920	362,2923
2463,184	2469,231	2352,243	2358,193
3507,567	3504,616	3383,609	3396,560
2666,2033	2689,2076	2590,2135	2575,2087
2346,843	2395,832	2425,948	2375,949
1095,2045	1051,2073	985,1974	1032,1956
1019,2258	970,2251	985,2131	1032,2147
606,1712	640,1748	551,1829	526,1785
1245,1256	1244,1305	1125,1303	1137,1256
727,1873	750,1916	651,1975	636,1927
2686,1498	2695,1544	2577,1572	2579,1523
2205,1248	2214,1294	2096,1322	2098,1273
1598,1567	1604,1520	1722,1533	1704,1579
2717,1122	2680,1087	2761,998	2790,1040
1633,659	1589,681	1533,575	1583,562
806,1550	846,1520	919,1614	872,1635
2461,1451	2419,1478	2355,1380	2403,1362
1807,1850	1848,1880	1777,1974	1743,1935
3856,558	3858,508	3978,511	3966,560
2382,2242	2351,2282	2257,2209	2294,2176
1969,1888	2016,1895	1997,2013	1952,1994
1721,1187	1767,1173	1801,1286	1751,1289
1036,2226	1086,2226	1083,2346	1034,2335
1797,707	1845,701	1862,818	1812,813
1515,815	1473,842	1409,744	1457,726
421,531	471,529	475,646	426,638
2876,2428	2922,2414	2956,2527	2906,2530
2412,2059	2458,2045	2493,2158	2442,2161
2163,2135	2186,2093	2291,2146	2258,2185
3464,2135	3415,2121	3447,2006	3490,2029
835,2483	856,2528	746,2580	735,2532
3785,2118	3775,2166	3657,2140	3678,2094
533,935	526,984	408,967	427,922
2879,1815	2925,1801	2960,1914	2909,1917
3001,2206	2952,2192	2984,2077	3027,2100
3159,1053	3175,1100	3064,1140	3058,1090
3579,1140	3613,1176	3524,1257	3499,1213
3267,1252	3277,1300	3159,1325	3160,1275
2903,1570	2926,1530	3033,1589	2999,1625
2735,2039	2732,1989	2851,1986	2842,2035
1029,1688	1052,1731	953,1790	938,1742
2211,898	2189,943	2080,889	2111,849
3844,1279	3850,1326	3733,1338	3739,1288
1396,217	1432,247	1359,340	1328,303
3342,1416	3370,1456	3274,1525	3255,1479
1425,1704	1478,1705	1475,1824	1425,1811
737,2121	736,2170	617,2168	629,2121
3638,2140	3591,2152	3561,2035	3611,2034
3667,2376	3623,2398	3567,2292	3617,2279
1881,1305	1883,1354	1766,1362	1775,1312
3249,2283	3289,2253	3362,2347	3315,2368
678,1515	685,1468	804,1487	786,1534
2418,2328	2463,2342	2430,2457	2387,2430
3233,757	3259,796	3163,865	3143,819
1651,2152	1609,2179	1545,2081	1593,2063
1912,2220	1869,2195	1932,2091	1969,2124
3148,719	3105,743	3041,641	3088,624
3418,1753	3441,1796	3342,1855	3327,1807
2454,1865	2435,1822	2542,1772	2553,1819
3777,2489	3761,2536	3647,2495	3674,2453
2090,1609	2134,1631	2084,1738	2044,1705
2089,525	2091,574	1974,582	1983,532
1974,1357	1931,1332	1994,1228	2031,1261
3614,868	3571,892	3507,790	3554,773
3475,1171	3474,1220	3355,1218	3367,1171
2542,1209	2499,1233	2435,1131	2482,1114
559,1011	565,964	683,977	665,1023
610,516	650,543	584,643	550,608
3210,2092	3165,2071	3215,1961	3254,1990
1791,2144	1819,2184	1723,2253	1704,2207
3907,704	3943,734	3870,827	3839,790
2267,2502	2276,2548	2158,2576	2160,2527
1557,1593	1607,1593	1604,1713	1555,1702
1268,2492	1313,2511	1271,2621	1228,2594
523,2475	569,2461	604,2574	553,2577
1073,1338	1030,1313	1093,1209	1130,1242
2595,542	2588,591	2470,574	2489,529
1385,1844	1408,1887	1309,1946	1294,1898
1930,2495	1953,2537	1849,2592	1837,2546
829,1792	821,1745	937,1721	936,1774
3450,936	3404,953	3363,842	3413,836
575,2882	598,2925	499,2984	484,2936
3481,1350	3527,1336	3561,1449	3511,1452
2377,983	2333,1005	2283,897	2331,885
622,1322	572,1315	587,1197	635,1217
926,1297	882,1321	821,1217	871,1202
669,1668	626,1687	574,1580	622,1568
1899,900	1922,858	2027,911	1994,950
1426,1023	1402,981	1506,923	1520,970
2920,1615	2900,1660	2792,1612	2821,1569
2448,1424	2429,1381	2536,1331	2547,1378
1579,1219	1592,1171	1710,1202	1689,1247
2544,2228	2590,2214	2625,2327	2574,2330
2142,1779	2132,1827	2014,1801	2035,1755
