4047,697	4027,754	3904,701	3934,655
745,2812	802,2818	778,2949	730,2929
1840,2556	1787,2586	1727,2465	1779,2451
1633,1456	1687,1456	1677,1588	1632,1574
451,1881	507,1868	532,1998	479,1999
879,2460	857,2409	984,2366	990,2416
3252,1093	3215,1140	3114,1053	3156,1020
2642,2362	2682,2329	2757,2440	2713,2456
1828,2217	1869,2254	1777,2348	1749,2305
1396,632	1338,624	1363,494	1412,514
2009,1902	2035,1950	1913,2004	1903,1953
2789,451	2777,508	2647,470	2672,423
3043,2143	3096,2126	3130,2253	3076,2256
2255,2637	2250,2582	2382,2575	2373,2625
795,2541	770,2595	651,2530	687,2487
386,2103	434,2134	351,2240	318,2201
606,626	632,674	510,728	500,677
1000,1891	1055,1915	992,2034	950,2001
1632,648	1580,675	1525,554	1577,541
2330,955	2308,904	2435,861	2441,911
532,2700	561,2748	445,2807	431,2759
3488,2238	3459,2190	3575,2128	3590,2178
3204,653	3192,710	3062,672	3087,625
2475,2121	2450,2175	2331,2110	2367,2067
3345,409	3395,441	3312,548	3279,510
1396,1690	1421,1743	1293,1791	1285,1742
469,1063	440,1015	556,953	571,1003
1060,2808	1113,2829	1063,2951	1019,2921
1442,1850	1482,1817	1557,1928	1513,1944
2809,630	2865,639	2831,769	2788,749
306,2692	345,2734	239,2817	216,2771
2997,2615	2938,2608	2962,2474	3012,2495
1707,1752	1768,1753	1756,1888	1705,1874
528,2236	573,2269	487,2369	457,2329
1625,1946	1681,1955	1647,2085	1604,2065
2903,330	2857,361	2791,246	2840,232
407,478	387,535	264,482	294,436
3350,1968	3291,1961	3315,1827	3365,1848
2085,1021	2139,1037	2093,1162	2051,1135
1969,1437	2010,1474	1918,1568	1890,1525
2565,2776	2541,2829	2423,2764	2459,2722
1101,1774	1044,1787	1021,1655	1071,1657
2988,1185	3033,1218	2947,1318	2917,1278
1230,802	1206,752	1331,704	1340,753
1842,1106	1834,1165	1701,1135	1722,1087
3439,1743	3444,1690	3575,1711	3557,1756
2201,2580	2233,2625	2121,2696	2104,2647
2789,1858	2761,1910	2649,1839	2684,1800
2547,1032	2604,1029	2602,1162	2551,1150
929,627	920,683	791,649	813,604
886,1913	877,1969	748,1935	770,1890
1687,942	1706,995	1578,1030	1573,982
2036,678	2084,708	2010,818	1975,780
3140,3004	3081,2997	3105,2863	3155,2884
952,2058	1013,2059	1001,2194	950,2180
2892,2898	2893,2840	3028,2849	3013,2900
1545,2698	1556,2752	1423,2769	1428,2719
2403,2416	2402,2473	2269,2461	2283,2413
1203,1497	1258,1484	1283,1613	1233,1613
1155,570	1209,570	1199,702	1154,688
3306,2712	3325,2655	3451,2708	3422,2751
1236,2456	1289,2439	1323,2566	1269,2569
2673,1418	2619,1394	2681,1276	2723,1308
740,762	790,794	710,901	674,863
1477,1543	1426,1573	1360,1454	1412,1438
3114,1729	3162,1760	3079,1866	3046,1827
3445,734	3455,791	3321,811	3324,759
3484,1201	3532,1232	3449,1338	3416,1299
3956,2784	4013,2790	3989,2921	3941,2901
3454,1432	3502,1463	3419,1569	3386,1530
2047,2406	2075,2356	2189,2433	2153,2467
2647,484	2680,530	2569,600	2551,554
3921,301	3947,347	3830,403	3818,357
3314,2171	3256,2163	3281,2033	3330,2053
2632,1982	2685,1965	2719,2092	2665,2095
1586,2516	1583,2573	1447,2556	1465,2507
3286,1463	3232,1456	3254,1327	3302,1345
2958,1002	2990,1047	2878,1118	2861,1069
1793,1566	1843,1591	1779,1708	1741,1675
1669,1292	1724,1316	1661,1435	1619,1402
1636,2168	1686,2200	1606,2307	1570,2269
3269,292	3279,349	3145,369	3148,317
2958,2354	2959,2296	3094,2305	3079,2356
2052,1983	2061,1927	2191,1956	2171,2002
580,1544	575,1489	707,1482	698,1532
2690,757	2682,816	2549,786	2570,738
3262,1521	3318,1530	3284,1660	3241,1640
1626,3011	1573,3037	1521,2913	1575,2901
286,778	275,724	405,707	401,756
2933,2027	2911,1976	3038,1933	3044,1983
989,1366	986,1423	850,1406	868,1357
2833,1664	2879,1700	2789,1798	2758,1756
3258,1310	3204,1303	3226,1174	3274,1192
866,262	882,315	754,345	752,297
3274,941	3279,888	3410,909	3392,954
2622,931	2619,879	2751,879	2739,930
3881,806	3829,833	3774,712	3826,699
2460,667	2444,722	2318,673	2346,630
2025,1618	1996,1570	2112,1508	2127,1558
2971,838	3028,830	3039,963	2989,956
1694,728	1717,781	1591,830	1582,778
1163,2237	1173,2294	1039,2314	1042,2262
3727,1993	3726,2050	3593,2038	3607,1990
3457,2882	3435,2831	3562,2788	3568,2838
657,2336	635,2285	762,2242	768,2292
4054,1382	4041,1436	3910,1399	3933,1355
2448,1558	2480,1603	2368,1674	2351,1625
3524,609	3531,666	3396,671	3405,620
1156,2665	1136,2715	1016,2659	1048,2617
1575,1077	1630,1064	1655,1193	1605,1193
331,1954	279,1981	224,1860	276,1847
2365,1198	2394,1246	2278,1305	2264,1257
787,2271	776,2217	906,2200	902,2249
2893,1506	2888,1451	3020,1444	3011,1494
2897,2504	2917,2557	2791,2595	2786,2544
2272,1472	2264,1531	2131,1501	2152,1453
3366,2341	3379,2399	3245,2419	3248,2365
1017,464	993,517	875,452	911,410
560,2141	565,2088	696,2109	678,2154
1441,2273	1382,2268	1401,2136	1450,2154
2168,2093	2209,2130	2117,2224	2089,2181
1187,505	1130,491	1173,364	1218,390
1483,961	1434,930	1511,818	1547,855
2765,2738	2718,2769	2650,2655	2699,2640
1205,1265	1200,1210	1332,1203	1323,1253
1797,867	1851,883	1805,1008	1763,981
1223,2067	1195,2119	1083,2048	1118,2009
3067,915	3091,867	3205,933	3170,970
2781,2200	2780,2257	2647,2245	2661,2197
3485,1099	3473,1156	3343,1118	3368,1071
1981,1827	1924,1840	1901,1708	1951,1710
550,1978	569,1921	695,1974	666,2017
2651,1696	2653,1752	2520,1747	2531,1696
878,1571	877,1628	744,1616	758,1568
1953,1223	2007,1239	1961,1364	1919,1337
1466,997	1492,1043	1375,1099	1363,1053
1075,1030	1047,1082	935,1011	970,972
860,1706	867,1763	732,1768	741,1717
3729,2410	3757,2357	3871,2426	3834,2464
3260,1688	3310,1719	3228,1825	3195,1787
4046,1034	4045,1091	3912,1079	3926,1031
491,1722	445,1753	379,1638	428,1624
468,2449	521,2470	463,2593	421,2561
1630,2463	1573,2449	1616,2322	1661,2348
641,1291	674,1337	563,1407	545,1361
863,1229	872,1173	1002,1202	982,1248
3439,284	3432,339	3301,313	3321,265
3836,2588	3892,2575	3917,2705	3864,2706
3226,738	3276,770	3193,877	3160,839
722,1157	741,1100	867,1153	838,1196
3031,1567	3087,1576	3053,1706	3010,1686
2065,1840	2041,1790	2166,1742	2175,1791
1310,1941	1264,1972	1198,1857	1247,1843
639,2412	671,2457	559,2528	542,2479
1746,1199	1802,1186	1827,1316	1774,1317
1311,2869	1330,2812	1456,2865	1427,2908
965,1494	1026,1495	1014,1630	963,1616
2502,1914	2526,1866	2640,1932	2605,1969
2401,1902	2349,1873	2418,1759	2458,1795
3380,2580	3326,2573	3348,2444	3396,2462
1268,1386	1269,1328	1404,1337	1389,1388
873,1002	822,1027	772,902	823,894
3059,1450	3007,1421	3076,1307	3116,1343
2501,1464	2449,1491	2394,1370	2446,1357
2627,2578	2574,2604	2522,2480	2576,2468
2744,1177	2722,1126	2849,1083	2855,1133
2165,860	2185,913	2059,951	2054,900
2319,1160	2268,1185	2218,1060	2269,1052
3627,1395	3620,1450	3489,1424	3509,1376
3549,2454	3495,2475	3451,2347	3506,2341
3463,881	3517,881	3507,1013	3462,999
3120,2479	3109,2425	3239,2408	3235,2457
2191,451	2217,497	2100,553	2088,507
1469,1200	1466,1257	1330,1240	1348,1191
3043,761	2996,792	2928,678	2977,663
3610,1112	3623,1170	3489,1190	3492,1136
1255,1381	1262,1438	1127,1443	1136,1392
1592,1742	1541,1767	1491,1642	1542,1634
2282,1924	2231,1949	2181,1824	2232,1816
981,754	1022,791	930,885	902,842
2681,1599	2629,1626	2574,1505	2626,1492
597,257	629,302	517,373	500,324
3645,2651	3629,2706	3503,2657	3531,2614
2052,2270	2072,2323	1946,2361	1941,2310
1842,2006	1789,2036	1729,1915	1781,1901
1167,814	1208,851	1116,945	1088,902
1255,1008	1248,1063	1117,1037	1137,989
2860,2171	2803,2157	2846,2030	2891,2056
2464,2425	2442,2374	2569,2331	2575,2381
2553,1215	2573,1268	2447,1306	2442,1255
2294,699	2282,756	2152,718	2177,671
3889,1008	3835,1029	3791,901	3846,895
2885,2322	2917,2367	2805,2438	2788,2389
1106,1206	1152,1242	1062,1340	1031,1298
1932,760	1931,817	1798,805	1812,757
3611,1940	3560,1965	3510,1840	3561,1832
2350,1759	2338,1816	2208,1778	2233,1731
1952,899	2000,929	1926,1039	1891,1001
1904,2096	1950,2132	1860,2230	1829,2188
3768,282	3765,339	3629,322	3647,273
654,1770	661,1827	526,1832	535,1781
3567,2014	3593,2062	3471,2116	3461,2065
2279,2273	2257,2222	2384,2179	2390,2229
2073,1357	2043,1305	2163,1245	2177,1295
4012,2466	4051,2508	3945,2591	3922,2545
285,921	318,967	207,1037	189,991
2993,1820	2992,1877	2859,1865	2873,1817
1776,662	1746,610	1866,550	1880,600
3923,2230	3866,2216	3909,2089	3954,2115
1886,2432	1910,2384	2024,2450	1989,2487
3209,1825	3265,1834	3231,1964	3188,1944
2841,1494	2857,1547	2729,1577	2727,1529
1456,2382	1469,2440	1335,2460	1338,2406
1302,2204	1325,2257	1199,2306	1190,2254
1518,1399	1461,1412	1438,1280	1488,1282
737,1367	707,1315	827,1255	841,1305
844,2099	835,2155	706,2121	728,2076
1742,1394	1770,1344	1884,1421	1848,1455
2297,3002	2243,2978	2305,2860	2347,2892
997,2538	1043,2574	953,2672	922,2630
2598,2185	2574,2238	2456,2173	2492,2131
2225,2001	2281,1988	2306,2118	2253,2119
1178,2424	1158,2474	1038,2418	1070,2376
542,2969	484,2961	509,2831	558,2851
288,2432	293,2379	424,2400	406,2445
1384,2076	1335,2045	1412,1933	1448,1970
3076,1996	3093,1944	3220,1998	3189,2037
1369,761	1341,713	1461,654	1473,703
3376,1609	3433,1615	3409,1746	3361,1726
2528,785	2569,822	2477,916	2449,873
3506,744	3523,692	3650,746	3619,785
684,1106	625,1101	644,969	693,987
2877,1950	2870,2005	2739,1979	2759,1931
2149,2324	2138,2270	2268,2253	2264,2302
1041,546	1086,578	1005,681	971,641
898,1808	870,1760	990,1701	1002,1750
1970,529	2026,516	2051,646	1998,647
1624,294	1641,242	1768,296	1737,335
3691,1639	3744,1660	3694,1782	3650,1752
760,586	767,643	632,648	641,597
2305,877	2252,907	2192,786	2244,772
3078,1242	3029,1211	3106,1099	3142,1136
2015,2743	2063,2774	1980,2880	1947,2841
2765,870	2784,813	2910,866	2881,909
2883,1314	2912,1362	2796,1421	2782,1373
3334,691	3281,721	3221,600	3273,586
3772,1009	3763,1065	3634,1031	3656,986
3611,1600	3602,1656	3473,1622	3495,1577
3851,493	3842,549	3713,515	3735,470
1246,1824	1189,1837	1166,1705	1216,1707
1675,2539	1725,2571	1642,2678	1609,2640
1352,396	1352,339	1487,347	1474,394
1794,2123	1778,2178	1652,2129	1680,2086
2142,1621	2166,1573	2280,1639	2245,1676
3665,2849	3606,2844	3625,2712	3674,2730
2046,2546	2072,2594	1950,2648	1940,2597
1336,857	1386,882	1322,999	1284,966
3150,2229	3178,2179	3292,2256	3256,2290
664,1184	644,1234	524,1178	556,1136
3451,2217	3484,2263	3373,2333	3355,2287
2490,2601	2439,2626	2389,2501	2440,2493
1807,219	1831,171	1945,237	1910,274
1153,1580	1152,1637	1019,1625	1033,1577
3367,2996	3310,3009	3287,2877	3337,2879
643,855	679,900	567,977	549,931
1148,1073	1196,1103	1122,1213	1087,1175
1858,1155	1859,1097	1994,1106	1979,1157
430,2956	414,3011	288,2962	316,2919
