1018,1636	1046,1596	1127,1657	1099,1696
763,1829	713,1825	721,1728	771,1731
1862,1245	1811,1257	1793,1159	1844,1149
2794,605	2753,633	2698,552	2737,525
1734,403	1681,403	1683,306	1736,307
3781,2840	3808,2798	3891,2854	3864,2896
1519,1393	1547,1434	1462,1483	1432,1446
2232,2801	2217,2757	2315,2731	2330,2776
1394,1268	1376,1224	1468,1189	1487,1234
2202,1817	2160,1828	2140,1735	2180,1723
3271,2211	3299,2252	3214,2301	3184,2264
362,2795	336,2751	423,2704	449,2748
2955,1051	2914,1079	2859,998	2898,971
3763,404	3713,420	3691,323	3739,310
566,1561	516,1564	513,1465	561,1464
1962,1480	1912,1496	1890,1399	1938,1386
2139,1313	2097,1324	2077,1231	2117,1219
3192,435	3144,442	3132,340	3178,337
2447,1320	2477,1281	2554,1347	2524,1385
2859,1067	2887,1108	2802,1157	2772,1120
2022,1921	1981,1949	1926,1868	1965,1841
3441,725	3391,728	3388,629	3436,628
3208,2650	3167,2678	3112,2597	3151,2570
3681,2077	3639,2102	3591,2019	3630,1995
3886,661	3840,686	3797,597	3844,574
2638,1177	2590,1184	2578,1082	2624,1079
806,2108	783,2066	870,2024	891,2067
973,384	920,384	922,287	975,288
1233,794	1191,819	1143,736	1182,712
2934,2156	2884,2152	2892,2055	2942,2058
520,1044	497,1002	584,960	605,1003
1202,1226	1196,1176	1295,1162	1302,1212
626,1652	611,1608	709,1582	724,1627
518,548	474,566	436,468	481,451
1613,1988	1641,2029	1556,2078	1526,2041
1318,1631	1270,1644	1246,1543	1292,1530
1549,1896	1501,1913	1467,1822	1514,1804
375,1013	329,1038	286,949	333,926
1377,2941	1327,2937	1335,2840	1385,2843
1339,2717	1319,2670	1409,2636	1428,2685
891,1608	868,1566	955,1524	976,1567
3027,1779	3054,1737	3137,1793	3110,1835
2713,2932	2693,2885	2783,2851	2802,2900
1090,2998	1042,3015	1008,2924	1055,2906
3578,2564	3608,2526	3686,2589	3657,2628
387,2013	415,1973	496,2034	468,2073
1871,610	1854,561	1951,533	1966,581
1740,1079	1722,1035	1814,1000	1833,1045
661,1025	635,981	722,934	748,978
551,2662	549,2613	648,2609	650,2660
478,2432	514,2397	583,2471	547,2506
2054,434	2004,437	2001,338	2049,337
2174,2328	2126,2345	2092,2254	2139,2236
3115,2425	3087,2391	3167,2335	3195,2370
2246,1459	2278,1494	2199,1557	2168,1522
2260,1327	2210,1330	2207,1231	2255,1230
1189,2500	1225,2465	1294,2539	1257,2575
660,1167	640,1120	730,1086	749,1135
374,1682	406,1717	327,1780	296,1745
2484,1820	2482,1771	2581,1767	2583,1818
706,207	741,171	813,242	780,278
3436,1470	3419,1421	3516,1393	3531,1441
1824,1506	1852,1466	1933,1527	1905,1566
558,359	510,372	486,271	532,258
3960,2887	3912,2904	3878,2813	3925,2795
3212,1508	3162,1504	3170,1407	3220,1410
2711,955	2663,972	2629,881	2676,863
716,1479	670,1504	627,1415	674,1392
2984,491	3020,456	3089,530	3053,565
1673,594	1703,556	1781,619	1752,658
2612,2680	2647,2644	2719,2715	2686,2751
3762,837	3797,801	3869,872	3836,908
3853,2508	3827,2464	3914,2417	3940,2461
3668,2412	3618,2428	3596,2331	3644,2318
3100,2126	3077,2084	3164,2042	3185,2085
2654,1753	2684,1714	2761,1780	2731,1818
1278,351	1222,359	1211,261	1263,253
932,684	968,649	1037,723	1000,759
1968,2580	1920,2593	1896,2492	1942,2479
4003,1214	3961,1239	3913,1156	3952,1132
887,2454	881,2404	980,2390	987,2440
702,2690	730,2650	811,2711	783,2750
1410,2544	1359,2556	1341,2458	1392,2448
3608,1943	3558,1959	3536,1862	3584,1849
3126,1235	3162,1200	3231,1274	3195,1309
2041,2087	2020,2042	2112,2008	2133,2048
2095,2480	2123,2440	2204,2501	2176,2540
3633,2853	3660,2811	3743,2867	3716,2909
2254,691	2233,646	2325,612	2346,652
2004,1763	1960,1781	1922,1683	1967,1666
1669,1154	1627,1165	1607,1072	1647,1060
3223,1984	3167,1992	3156,1894	3208,1886
761,2369	708,2369	710,2272	763,2273
1678,2366	1655,2321	1744,2280	1766,2321
977,1011	929,1028	895,937	942,919
3001,2598	2960,2626	2905,2545	2944,2518
2349,801	2332,752	2429,724	2444,772
2524,2058	2504,2011	2594,1977	2613,2026
1424,1012	1374,1008	1382,911	1432,914
3509,596	3461,613	3427,522	3474,504
1815,1382	1765,1398	1743,1301	1791,1288
1033,2324	1015,2280	1107,2245	1126,2290
822,2675	774,2682	762,2580	808,2577
767,736	749,692	841,657	860,702
2335,2434	2285,2437	2282,2338	2330,2337
1924,2233	1876,2246	1852,2145	1898,2132
2282,1103	2259,1058	2348,1017	2370,1058
1544,2250	1521,2205	1610,2164	1632,2205
1718,2058	1670,2065	1658,1963	1704,1960
865,1804	901,1769	970,1843	934,1878
1082,2497	1040,2508	1020,2415	1060,2403
3324,1623	3352,1664	3267,1713	3237,1676
1409,670	1439,631	1516,697	1486,735
3081,720	3058,678	3145,636	3166,679
2745,2167	2697,2174	2685,2072	2731,2069
1839,1978	1791,1985	1779,1883	1825,1880
770,554	805,518	877,589	844,625
2311,1749	2269,1760	2249,1667	2289,1655
3489,811	3463,767	3550,720	3576,764
2416,1951	2366,1954	2363,1855	2411,1854
955,2083	907,2096	883,1995	929,1982
1830,977	1813,928	1910,900	1925,948
2640,1586	2592,1603	2558,1512	2605,1494
2804,1558	2756,1565	2744,1463	2790,1460
1749,2181	1699,2184	1696,2085	1744,2084
3912,796	3866,821	3823,732	3870,709
677,868	629,881	605,780	651,767
2544,731	2498,756	2455,667	2502,644
3316,340	3268,353	3244,252	3290,239
3253,969	3197,977	3186,879	3238,871
3192,616	3190,567	3289,563	3291,614
2446,2777	2398,2784	2386,2682	2432,2679
3044,3014	2996,3027	2972,2926	3018,2913
3696,1309	3690,1259	3789,1245	3796,1295
3330,1840	3307,1798	3394,1756	3415,1799
982,1366	934,1373	922,1271	968,1268
3806,2099	3788,2055	3880,2020	3899,2065
1633,2510	1663,2472	1741,2535	1712,2574
1278,2114	1234,2132	1196,2034	1241,2017
583,2204	560,2159	649,2118	671,2159
1482,1113	1459,1071	1546,1029	1567,1072
1118,1553	1068,1556	1065,1457	1113,1456
2251,2617	2225,2573	2312,2526	2338,2570
3732,510	3760,551	3675,600	3645,563
1323,1839	1272,1851	1254,1753	1305,1743
515,856	467,873	433,782	480,764
3169,2959	3146,2917	3233,2875	3254,2918
1185,2367	1167,2323	1259,2288	1278,2333
1090,958	1039,970	1021,872	1072,862
685,1950	715,1911	792,1977	762,2015
215,2054	251,2019	320,2093	283,2129
2121,1093	2103,1049	2195,1014	2214,1059
1735,1744	1763,1785	1678,1834	1648,1797
1393,2030	1375,1986	1467,1951	1486,1996
3387,2124	3339,2141	3305,2050	3352,2032
2450,1070	2435,1026	2533,1000	2548,1045
1763,2544	1793,2505	1870,2571	1840,2609
2667,1698	2614,1694	2626,1595	2677,1598
3355,2220	3390,2184	3462,2255	3429,2291
3386,1019	3422,984	3491,1058	3455,1093
3295,2948	3293,2899	3392,2895	3394,2946
2949,920	2901,937	2867,846	2914,828
342,1909	291,1921	273,1823	324,1813
2866,2225	2902,2190	2971,2264	2935,2299
2194,865	2230,830	2299,904	2262,940
2470,315	2498,356	2413,405	2383,368
774,1267	759,1223	857,1197	872,1242
2483,1709	2462,1664	2554,1630	2575,1670
1235,1343	1265,1305	1343,1368	1314,1407
2135,1883	2171,1848	2240,1922	2203,1958
3069,1224	3019,1227	3016,1128	3064,1127
2267,2210	2244,2168	2331,2126	2352,2169
989,2534	1019,2496	1097,2559	1068,2598
1210,1022	1187,980	1274,938	1295,981
2716,1883	2746,1845	2824,1908	2795,1947
592,1288	571,1243	663,1209	684,1249
3290,1142	3317,1100	3400,1156	3373,1198
1947,726	1977,688	2055,751	2026,790
315,2322	259,2330	248,2232	300,2224
2113,1633	2065,1650	2031,1559	2078,1541
3044,1041	3023,996	3115,962	3136,1002
931,1106	911,1059	1001,1025	1020,1074
3421,2577	3406,2533	3504,2507	3519,2552
2491,2435	2518,2393	2601,2449	2574,2491
2826,763	2806,716	2896,682	2915,731
3005,2401	2954,2413	2936,2315	2987,2305
1160,1157	1112,1170	1088,1069	1134,1056
841,412	793,419	781,317	827,314
2052,2644	2082,2606	2160,2669	2131,2708
3530,2196	3486,2214	3448,2116	3493,2099
1124,1875	1076,1888	1052,1787	1098,1774
2918,1690	2874,1708	2836,1610	2881,1593
3240,2433	3238,2384	3337,2380	3339,2431
2408,980	2362,1005	2319,916	2366,893
3747,2691	3705,2702	3685,2609	3725,2597
2303,1403	2330,1361	2413,1417	2386,1459
590,2406	537,2406	539,2309	592,2310
1957,1005	1934,960	2023,919	2045,960
2782,1261	2765,1212	2862,1184	2877,1232
1950,1204	1944,1154	2043,1140	2050,1190
1628,2734	1607,2689	1699,2655	1720,2695
3429,1702	3379,1718	3357,1621	3405,1608
1582,1671	1529,1671	1531,1574	1584,1575
3449,956	3429,909	3519,875	3538,924
2163,741	2119,759	2081,661	2126,644
2461,2300	2497,2265	2566,2339	2530,2374
357,652	393,617	462,691	425,727
1925,2847	1908,2798	2005,2770	2020,2818
2939,1980	2911,1946	2991,1890	3019,1925
1638,1481	1590,1498	1556,1407	1603,1389
2485,1605	2443,1616	2423,1523	2463,1511
3550,1626	3500,1642	3478,1545	3526,1532
1667,1936	1614,1936	1616,1839	1669,1840
864,2201	891,2159	974,2215	947,2257
360,2523	304,2531	293,2433	345,2425
3453,1352	3412,1380	3357,1299	3396,1272
276,2893	230,2918	187,2829	234,2806
2669,654	2628,682	2573,601	2612,574
1320,2370	1314,2320	1413,2306	1420,2356
1699,1644	1676,1602	1763,1560	1784,1603
3644,1470	3624,1423	3714,1389	3733,1438
1667,990	1623,1008	1585,910	1630,893
2850,1814	2829,1769	2921,1735	2942,1775
2917,355	2889,321	2969,265	2997,300
1821,2319	1806,2275	1904,2249	1919,2294
3026,1609	2978,1616	2966,1514	3012,1511
2371,2552	2351,2505	2441,2471	2460,2520
1444,837	1442,788	1541,784	1543,835
2786,2512	2784,2463	2883,2459	2885,2510
3247,795	3194,795	3196,698	3249,699
667,2510	614,2510	616,2413	669,2414
1534,2388	1564,2350	1642,2413	1613,2452
3270,1095	3214,1103	3203,1005	3255,997
1234,633	1184,636	1181,537	1229,536
3186,1654	3218,1689	3139,1752	3108,1717
1713,870	1690,825	1779,784	1801,825
2438,497	2474,462	2543,536	2506,572
3017,1481	2967,1477	2975,1380	3025,1383
3487,2422	3519,2457	3440,2520	3409,2485
3485,1207	3470,1163	3568,1137	3583,1182
1486,1643	1514,1684	1429,1733	1399,1696
1817,1765	1791,1721	1878,1674	1904,1718
302,1194	252,1197	249,1098	297,1097
1577,705	1613,670	1682,744	1646,779
2620,1301	2647,1259	2730,1315	2703,1357
2075,905	2022,901	2034,802	2085,805
1225,1957	1253,1998	1168,2047	1138,2010
3463,1952	3498,1916	3570,1987	3537,2023
1038,2098	1032,2048	1131,2034	1138,2084
1579,1229	1609,1191	1687,1254	1658,1293
2398,2085	2434,2050	2503,2124	2467,2159
1231,2230	1208,2188	1295,2146	1316,2189
2520,785	2556,750	2625,824	2588,860
2616,2304	2572,2322	2534,2224	2579,2207
3468,1738	3504,1703	3573,1777	3536,1813
509,2304	459,2320	437,2223	485,2210
3858,1875	3840,1831	3932,1796	3951,1841
579,2115	529,2118	526,2019	574,2018
834,1053	792,1064	772,971	812,959
665,1882	697,1917	618,1980	587,1945
1123,1436	1081,1447	1061,1354	1101,1342
1870,2048	1864,1998	1963,1984	1970,2034
2823,1970	2853,1931	2930,1997	2900,2035
1550,658	1509,686	1454,605	1493,578
1472,2214	1500,2255	1415,2304	1385,2267
2675,2377	2705,2339	2783,2402	2754,2441
800,1621	744,1629	733,1531	785,1523
3292,1374	3251,1402	3196,1321	3235,1294
2302,1617	2249,1613	2261,1514	2312,1517
1294,1898	1292,1849	1391,1845	1393,1896
3470,822	3498,863	3413,912	3383,875
888,921	840,928	828,826	874,823
1025,624	1007,580	1099,545	1118,590
2694,678	2730,643	2799,717	2763,752
1959,2289	1936,2247	2023,2205	2044,2248
599,653	549,656	546,557	594,556
2495,1249	2444,1261	2426,1163	2477,1153
2256,1885	2254,1836	2353,1832	2355,1883
1197,1663	1155,1674	1135,1581	1175,1569
806,2505	764,2516	744,2423	784,2411
836,1367	866,1329	944,1392	915,1431
544,1169	526,1125	618,1090	637,1135
3328,1537	3310,1493	3402,1458	3421,1503
