3709,829	3737,791	3813,855	3784,892
442,1724	418,1685	505,1638	530,1680
1861,866	1837,827	1924,780	1949,822
3044,1759	3001,1773	2973,1670	3021,1661
314,1135	268,1144	252,1050	297,1041
2498,2398	2453,2409	2434,2316	2477,2307
1600,1757	1572,1722	1652,1668	1681,1702
837,2794	795,2813	762,2721	806,2705
1195,2441	1147,2440	1159,2341	1204,2344
335,394	369,359	438,432	404,464
3980,2474	3942,2501	3893,2418	3932,2396
3559,890	3512,895	3509,795	3556,795
2097,1694	2047,1695	2058,1598	2104,1600
726,494	710,449	806,422	820,468
260,1857	286,1818	367,1878	338,1917
846,564	874,526	950,590	921,627
2696,2144	2649,2153	2637,2055	2683,2048
2965,1005	2917,1004	2929,905	2974,908
3204,363	3162,385	3121,299	3163,279
3462,2747	3417,2758	3398,2665	3441,2656
2565,980	2529,1009	2473,930	2512,903
2426,2615	2411,2571	2506,2546	2520,2591
1656,2191	1620,2220	1564,2141	1603,2114
1572,2595	1556,2553	1648,2520	1665,2565
3080,2695	3061,2654	3150,2616	3169,2656
779,1732	810,1698	882,1768	849,1802
3087,2502	3113,2463	3194,2523	3165,2562
685,1857	637,1856	649,1757	694,1760
1309,2284	1293,2242	1385,2209	1402,2254
3323,1910	3307,1865	3403,1838	3417,1884
3327,2086	3299,2051	3379,1997	3408,2031
2890,655	2871,613	2962,579	2978,624
629,1380	655,1341	736,1401	707,1440
1191,2252	1146,2259	1131,2161	1180,2154
2303,384	2287,339	2383,312	2397,358
1027,2535	985,2557	944,2471	986,2451
3857,2061	3842,2017	3937,1992	3951,2037
1402,619	1426,578	1508,634	1483,673
3381,936	3336,943	3321,845	3370,838
647,846	675,809	751,873	722,909
906,2070	856,2071	867,1974	913,1976
703,2517	694,2473	792,2458	799,2503
1534,431	1568,397	1635,471	1601,503
2543,431	2498,442	2479,349	2522,340
2995,1438	2953,1457	2920,1365	2964,1349
2591,2276	2549,2293	2514,2198	2556,2180
2052,2299	2076,2258	2158,2314	2133,2353
2592,1804	2577,1760	2672,1735	2686,1780
644,2101	628,2059	720,2026	737,2071
1585,2005	1569,1963	1661,1930	1678,1975
3497,1365	3454,1379	3426,1276	3474,1267
214,2313	193,2272	282,2229	302,2271
362,2704	394,2737	315,2800	285,2762
1435,825	1430,779	1529,775	1532,821
1816,1844	1797,1803	1886,1765	1905,1805
1683,1106	1678,1060	1777,1056	1780,1102
1759,1393	1714,1400	1699,1302	1748,1295
1808,2058	1839,2097	1754,2149	1726,2110
2706,1921	2737,1887	2809,1957	2776,1991
2137,2509	2090,2518	2078,2420	2124,2413
1525,2418	1482,2432	1454,2329	1502,2320
2076,1998	2031,2013	2009,1919	2053,1907
2959,1193	2916,1207	2888,1104	2936,1095
1871,2460	1824,2469	1812,2371	1858,2364
3407,441	3435,404	3511,468	3482,504
1051,1211	1009,1230	976,1138	1020,1122
1367,322	1391,281	1473,337	1448,376
697,1698	678,1657	767,1619	786,1659
774,1125	754,1085	840,1046	859,1085
2076,2780	2052,2741	2139,2694	2164,2736
1988,757	1979,713	2077,698	2084,743
3811,438	3845,404	3912,478	3878,510
3509,717	3459,718	3470,621	3516,623
3317,327	3297,287	3383,248	3402,287
904,1387	859,1402	837,1308	881,1296
1257,889	1215,906	1180,811	1222,793
1912,1697	1867,1699	1869,1601	1917,1603
1840,2897	1831,2853	1929,2838	1936,2883
2366,623	2347,582	2436,544	2455,584
3105,776	3067,803	3018,720	3057,698
2800,2254	2785,2210	2880,2185	2894,2230
3259,629	3211,628	3223,529	3268,532
304,1443	288,1401	380,1368	397,1413
3061,2523	3019,2545	2978,2459	3020,2439
2318,2543	2273,2550	2258,2452	2307,2445
3627,2644	3611,2599	3707,2572	3721,2618
2526,794	2521,748	2620,744	2623,790
2441,1763	2432,1719	2530,1704	2537,1749
1551,1213	1501,1214	1512,1117	1558,1119
1668,1000	1623,1015	1601,921	1645,909
3173,1754	3205,1787	3126,1850	3096,1812
3505,1598	3486,1557	3575,1519	3594,1559
2909,2716	2863,2725	2847,2631	2892,2622
2322,862	2279,876	2251,773	2299,764
2196,2050	2149,2055	2146,1955	2193,1955
2045,1056	2026,1015	2115,977	2134,1017
3105,2242	3137,2275	3058,2338	3028,2300
998,1509	953,1511	955,1413	1003,1415
2185,1271	2219,1237	2286,1311	2252,1343
1809,1541	1793,1499	1885,1466	1902,1511
2221,1547	2252,1586	2167,1638	2139,1599
1270,1369	1304,1335	1371,1409	1337,1441
1356,662	1308,661	1320,562	1365,565
3095,1194	3050,1196	3052,1098	3100,1100
2795,1150	2753,1172	2712,1086	2754,1066
3222,814	3202,774	3288,735	3307,774
556,810	514,827	479,732	521,714
861,1824	895,1790	962,1864	928,1896
896,2323	858,2350	809,2267	848,2245
958,2365	986,2328	1062,2392	1033,2428
1736,2949	1700,2978	1644,2899	1683,2872
1882,690	1837,701	1818,608	1861,599
2043,1802	2001,1821	1968,1729	2012,1713
2909,2311	2904,2265	3003,2261	3006,2307
1903,2568	1927,2527	2009,2583	1984,2622
2848,725	2805,739	2777,636	2825,627
3358,2430	3316,2447	3281,2352	3323,2334
2673,1579	2623,1580	2634,1483	2680,1485
1901,989	1880,948	1969,905	1989,947
2739,1662	2724,1618	2819,1593	2833,1638
2966,2999	2942,2960	3029,2913	3054,2955
2459,2065	2490,2104	2405,2156	2377,2117
2513,1384	2468,1386	2470,1288	2518,1290
3464,2185	3498,2150	3567,2223	3533,2255
2887,1954	2918,1920	2990,1990	2957,2024
1791,1153	1822,1119	1894,1189	1861,1223
2824,1431	2774,1432	2785,1335	2831,1337
2159,2892	2117,2911	2084,2819	2128,2803
651,1188	677,1149	758,1209	729,1248
1070,1038	1104,1004	1171,1078	1137,1110
2501,1993	2459,2012	2426,1920	2470,1904
3807,2168	3761,2177	3745,2083	3790,2074
3450,2609	3434,2564	3530,2537	3544,2583
527,1272	561,1237	630,1310	596,1342
2144,2187	2098,2196	2082,2102	2127,2093
3336,2901	3320,2856	3416,2829	3430,2875
1967,1154	1995,1116	2071,1180	2042,1217
3071,546	3029,563	2994,468	3036,450
1741,1535	1695,1544	1679,1450	1724,1441
2418,647	2450,680	2371,743	2341,705
1016,1991	992,1952	1079,1905	1104,1947
2148,552	2101,557	2098,457	2145,457
3697,1296	3649,1295	3661,1196	3706,1199
3437,1896	3463,1857	3544,1917	3515,1956
464,2267	445,2225	536,2191	552,2236
1182,1332	1140,1349	1105,1254	1147,1236
1118,618	1072,627	1056,533	1101,524
1893,2152	1927,2117	1996,2190	1962,2222
573,1046	552,1005	641,962	661,1004
3759,2908	3793,2873	3862,2946	3828,2978
2672,818	2653,776	2744,742	2760,787
1312,1146	1343,1112	1415,1182	1382,1216
1230,2497	1256,2458	1337,2518	1308,2557
3448,1165	3401,1170	3398,1070	3445,1070
2761,2518	2733,2483	2813,2429	2842,2463
737,733	699,760	650,677	689,655
1208,1917	1161,1926	1149,1828	1195,1821
2781,1045	2738,1059	2710,956	2758,947
1391,1423	1425,1388	1494,1461	1460,1493
2370,1266	2346,1227	2433,1180	2458,1222
904,1121	884,1081	970,1042	989,1081
451,2636	404,2641	401,2541	448,2541
2652,628	2602,629	2613,532	2659,534
1450,1631	1414,1660	1358,1581	1397,1554
1343,2082	1367,2041	1449,2097	1424,2136
1821,403	1797,364	1884,317	1909,359
3205,1285	3237,1318	3158,1381	3128,1343
2375,1736	2332,1750	2304,1647	2352,1638
3559,1750	3517,1767	3482,1672	3524,1654
3192,2120	3144,2119	3156,2020	3201,2023
3138,1959	3096,1976	3061,1881	3103,1863
1503,1048	1457,1057	1441,963	1486,954
3665,2898	3615,2899	3626,2802	3672,2804
3163,1005	3121,1022	3086,927	3128,909
1078,1654	1036,1671	1001,1576	1043,1558
1447,2705	1471,2664	1553,2720	1528,2759
3549,1444	3533,1402	3625,1369	3642,1414
3105,1318	3063,1337	3030,1245	3074,1229
3803,1981	3758,1988	3743,1890	3792,1883
2071,1331	2026,1333	2028,1235	2076,1237
1034,798	1010,759	1097,712	1122,754
3239,1430	3273,1396	3340,1470	3306,1502
2207,2436	2187,2396	2273,2357	2292,2396
3380,1675	3359,1634	3448,1591	3468,1633
1265,1635	1217,1634	1229,1535	1274,1538
1296,345	1251,352	1236,254	1285,247
2282,2258	2310,2221	2386,2285	2357,2321
1895,2357	1929,2323	1996,2397	1962,2429
1341,1002	1295,1011	1279,917	1324,908
3320,1660	3351,1699	3266,1751	3238,1712
2378,989	2333,1004	2311,910	2355,898
3236,1655	3208,1620	3288,1566	3317,1600
1271,1157	1233,1184	1184,1101	1223,1079
2235,1774	2199,1803	2143,1724	2182,1697
269,944	248,903	337,860	357,902
1235,2168	1226,2124	1324,2109	1331,2154
2494,1513	2452,1535	2411,1449	2453,1429
2192,651	2150,670	2117,578	2161,562
1731,1953	1716,1909	1811,1884	1825,1929
1561,740	1545,695	1641,668	1655,714
821,1947	779,1964	744,1869	786,1851
2410,326	2390,286	2476,247	2495,286
1654,761	1685,800	1600,852	1572,813
2534,2559	2518,2517	2610,2484	2627,2529
3510,1008	3463,1013	3460,913	3507,913
521,2942	479,2961	446,2869	490,2853
3317,2220	3270,2225	3267,2125	3314,2125
1503,1941	1458,1956	1436,1862	1480,1850
2898,2165	2870,2130	2950,2076	2979,2110
2994,1569	2952,1586	2917,1491	2959,1473
2213,1911	2241,1873	2317,1937	2288,1974
2669,1269	2624,1276	2609,1178	2658,1171
3442,2431	3433,2387	3531,2372	3538,2417
1007,931	962,942	943,849	986,840
1161,1516	1140,1475	1229,1432	1249,1474
1821,2315	1779,2332	1744,2237	1786,2219
1116,320	1074,342	1033,256	1075,236
400,539	428,502	504,566	475,602
2667,2014	2622,2016	2624,1918	2672,1920
3034,1515	3068,1481	3135,1555	3101,1587
3545,1168	3521,1129	3608,1082	3633,1124
2308,2085	2289,2044	2378,2006	2397,2046
1171,1711	1202,1677	1274,1747	1241,1781
2268,1396	2292,1355	2374,1411	2349,1450
697,2282	655,2299	620,2204	662,2186
703,353	660,367	632,264	680,255
2758,1770	2782,1729	2864,1785	2839,1824
1748,689	1703,700	1684,607	1727,598
1761,1242	1716,1249	1701,1151	1750,1144
1374,1857	1328,1866	1312,1772	1357,1763
1156,2113	1113,2127	1085,2024	1133,2015
2746,2309	2704,2331	2663,2245	2705,2225
1782,2645	1761,2604	1850,2561	1870,2603
3224,1977	3205,1936	3294,1898	3313,1938
2621,2582	2647,2543	2728,2603	2699,2642
3227,2933	3191,2962	3135,2883	3174,2856
890,846	843,851	840,751	887,751
2770,856	2796,817	2877,877	2848,916
2241,1105	2269,1068	2345,1132	2316,1168
1793,1690	1747,1699	1731,1605	1776,1596
1961,1567	1945,1522	2041,1495	2055,1541
663,2416	616,2425	604,2327	650,2320
2469,1895	2419,1896	2430,1799	2476,1801
1509,2105	1490,2064	1579,2026	1598,2066
1498,1808	1453,1823	1431,1729	1475,1717
2441,1175	2421,1135	2507,1096	2526,1135
1938,2054	1893,2065	1874,1972	1917,1963
3844,1278	3801,1292	3773,1189	3821,1180
2619,1447	2598,1406	2687,1363	2707,1405
2157,879	2121,908	2065,829	2104,802
1475,1611	1455,1571	1541,1532	1560,1571
3254,1227	3282,1189	3358,1253	3329,1290
2862,2449	2834,2414	2914,2360	2943,2394
1730,956	1711,915	1800,877	1819,917
1943,1321	1897,1330	1881,1236	1926,1227
335,2900	299,2929	243,2850	282,2823
3817,2676	3851,2641	3920,2714	3886,2746
3148,1182	3132,1137	3228,1110	3242,1156
906,2177	932,2138	1013,2198	984,2237
