1415,2095	1366,2088	1381,1968	1428,1984
1773,1415	1814,1442	1754,1542	1717,1507
2961,2775	2968,2728	3087,2747	3069,2794
325,462	371,448	405,561	355,564
852,1581	801,1575	817,1456	864,1473
3122,1878	3151,1914	3058,1991	3036,1946
1221,1145	1265,1167	1215,1274	1175,1241
1444,1070	1400,1092	1350,984	1398,972
3959,473	3915,501	3849,402	3896,384
3057,1818	3010,1830	2980,1713	3030,1712
2248,2822	2298,2829	2283,2945	2235,2930
568,1764	594,1803	498,1872	478,1826
3897,1986	3935,2014	3870,2110	3836,2072
439,2475	390,2468	405,2348	452,2364
184,1327	207,1287	314,1346	280,1382
904,2554	939,2586	861,2674	831,2633
2474,493	2520,514	2469,624	2430,595
2140,1281	2089,1275	2105,1156	2152,1173
234,1087	241,1040	360,1059	342,1106
3580,2682	3536,2659	3590,2552	3630,2583
2830,827	2815,874	2699,835	2725,791
1287,2413	1263,2371	1367,2311	1384,2357
1757,2486	1803,2472	1837,2585	1787,2588
2395,1438	2441,1424	2475,1537	2425,1540
1088,525	1135,532	1116,650	1071,631
900,1122	902,1072	1022,1075	1010,1124
4014,2660	3971,2684	3907,2582	3954,2565
2545,2048	2581,2078	2508,2171	2477,2134
2747,619	2781,655	2692,736	2667,692
3111,405	3062,402	3070,282	3119,297
3193,574	3195,623	3078,631	3087,581
838,755	844,802	727,814	733,764
3617,2458	3633,2412	3748,2451	3723,2495
1885,1979	1938,1980	1935,2099	1885,2086
482,1512	479,1561	358,1554	371,1505
3638,349	3639,397	3521,400	3531,349
2034,2141	2055,2186	1945,2238	1934,2190
1331,2977	1280,2971	1296,2852	1343,2869
3780,1184	3772,1137	3888,1113	3887,1166
1707,1670	1757,1670	1754,1790	1705,1779
1126,2785	1147,2830	1037,2880	1027,2833
1481,2687	1504,2644	1609,2698	1578,2736
1392,2665	1418,2704	1322,2773	1302,2727
1731,2474	1745,2520	1633,2556	1629,2506
2250,373	2265,327	2380,366	2352,409
1043,2012	994,2009	1002,1889	1051,1904
1843,2054	1871,2094	1775,2163	1756,2117
2721,1557	2684,1522	2765,1433	2794,1475
1018,2273	1047,2309	954,2386	932,2341
1413,2448	1403,2497	1287,2475	1308,2428
3553,2315	3509,2292	3563,2185	3603,2216
1756,202	1806,200	1810,317	1761,309
2424,2513	2426,2562	2309,2570	2318,2520
3745,2825	3733,2872	3614,2846	3636,2803
2287,2327	2240,2313	2271,2198	2316,2220
2369,2480	2350,2437	2457,2387	2468,2434
372,1734	381,1780	263,1808	265,1759
1099,1097	1137,1125	1072,1221	1038,1183
881,1918	831,1911	846,1793	894,1813
1165,697	1188,739	1084,794	1072,748
3095,2312	3118,2269	3223,2323	3192,2361
2866,2192	2819,2178	2850,2063	2895,2085
2677,2521	2655,2566	2546,2512	2577,2472
2537,3006	2500,2971	2581,2882	2610,2924
3358,1175	3406,1169	3423,1286	3373,1281
2429,1296	2385,1318	2329,1212	2379,1199
913,2905	869,2927	813,2821	863,2808
1173,183	1226,184	1223,303	1173,290
3332,1995	3378,1981	3413,2094	3362,2097
1935,2807	1936,2855	1818,2858	1828,2807
797,2156	748,2153	756,2033	805,2048
2625,333	2648,376	2549,435	2534,387
3943,1689	3957,1735	3845,1771	3841,1721
381,2909	434,2910	431,3029	381,3016
1987,964	2027,934	2100,1028	2053,1049
2574,719	2571,768	2450,761	2463,712
2209,1567	2216,1520	2335,1539	2317,1586
3873,2353	3889,2307	4004,2346	3979,2390
2171,1627	2180,1674	2062,1696	2065,1648
927,479	882,495	838,384	888,377
3541,1468	3582,1495	3522,1595	3485,1560
2941,909	2934,958	2816,941	2835,896
2920,1294	2926,1341	2809,1353	2815,1303
1450,2334	1495,2348	1462,2463	1419,2436
1869,769	1857,816	1738,790	1760,747
1629,1062	1657,1102	1561,1171	1542,1125
3277,566	3234,541	3297,437	3334,470
581,2514	627,2500	662,2613	611,2616
2269,574	2226,549	2289,445	2326,478
1480,824	1508,864	1412,933	1393,887
3276,980	3320,1002	3270,1109	3230,1076
3239,1446	3277,1474	3212,1570	3178,1532
2664,1136	2705,1166	2634,1260	2600,1221
701,1075	747,1061	781,1174	731,1177
3689,1203	3731,1228	3666,1328	3632,1292
1638,2053	1688,2053	1685,2173	1636,2162
2514,2746	2467,2758	2437,2641	2487,2640
2164,2043	2210,2029	2245,2142	2194,2145
804,1670	797,1719	679,1702	698,1657
3112,2467	3067,2483	3023,2372	3073,2365
643,862	657,908	545,944	541,894
2554,1217	2511,1192	2574,1088	2611,1121
3672,1922	3660,1969	3541,1943	3563,1900
3096,1242	3112,1289	3001,1329	2995,1279
2258,2716	2227,2756	2133,2683	2170,2650
3589,2713	3573,2760	3459,2719	3486,2677
696,1510	678,1556	569,1511	597,1470
3355,551	3376,596	3266,648	3255,600
1974,1537	1971,1586	1850,1579	1863,1530
2985,1517	3008,1560	2909,1619	2894,1571
2894,2254	2863,2294	2769,2221	2806,2188
2505,1677	2461,1699	2405,1593	2455,1580
1649,2030	1605,2052	1549,1946	1599,1933
3338,355	3387,344	3417,460	3367,461
2534,1888	2580,1874	2614,1987	2564,1990
3981,2452	3959,2497	3850,2443	3881,2403
2586,1283	2624,1311	2559,1407	2525,1369
587,1186	545,1213	481,1115	529,1097
3153,849	3102,843	3118,724	3165,741
1365,1132	1411,1118	1446,1231	1395,1234
906,1488	955,1477	985,1593	935,1594
1576,968	1573,918	1692,915	1683,964
1225,1325	1275,1325	1272,1445	1223,1434
3421,800	3430,847	3312,869	3315,821
2754,2470	2790,2500	2717,2593	2686,2556
1939,658	1890,655	1898,535	1947,550
1093,2522	1142,2511	1172,2627	1122,2628
1842,1937	1832,1986	1716,1964	1737,1917
1695,560	1740,579	1698,689	1655,662
1990,962	2000,1010	1882,1035	1883,985
692,2270	648,2292	598,2184	646,2172
2001,2893	2051,2900	2036,3016	1988,3001
1243,1764	1293,1764	1290,1884	1241,1873
2376,672	2361,719	2245,680	2271,636
1605,2162	1651,2177	1611,2292	1568,2263
1969,1664	1985,1711	1874,1751	1868,1701
1520,1695	1477,1714	1425,1607	1473,1595
3537,936	3503,902	3588,815	3614,856
838,1174	879,1201	819,1301	782,1266
3336,2448	3359,2491	3260,2550	3245,2502
925,957	932,910	1051,929	1033,976
1218,1933	1174,1955	1118,1849	1168,1836
3616,2206	3611,2159	3729,2147	3723,2195
848,2480	799,2474	814,2355	861,2370
2655,2628	2684,2664	2591,2741	2569,2696
3426,2763	3402,2807	3297,2749	3331,2711
1006,1617	1021,1663	909,1702	903,1652
2544,2223	2572,2263	2476,2332	2457,2286
3065,1137	3016,1134	3024,1014	3073,1029
638,2679	683,2693	650,2808	607,2781
3037,1653	3060,1613	3167,1672	3133,1708
2937,959	2952,913	3067,952	3039,995
616,691	622,644	740,657	722,703
3492,1261	3505,1213	3623,1244	3602,1289
1521,657	1499,702	1390,648	1421,608
210,1991	256,1977	290,2090	240,2093
3085,563	3038,575	3008,458	3058,457
262,709	312,709	309,829	260,818
3587,621	3544,645	3480,543	3527,526
1677,1379	1677,1332	1799,1330	1786,1379
1162,979	1177,933	1292,972	1264,1015
3444,1323	3450,1370	3333,1382	3339,1332
2778,1942	2778,1895	2900,1893	2887,1942
3413,1834	3393,1879	3285,1831	3314,1788
428,1996	477,1985	507,2101	457,2102
2849,2509	2895,2498	2926,2610	2875,2613
3047,692	3026,737	2918,685	2947,645
1947,1387	1993,1373	2028,1486	1977,1489
1180,2148	1162,2194	1053,2149	1081,2108
3768,856	3809,886	3738,980	3704,941
3242,1758	3227,1805	3111,1766	3137,1722
1038,342	1019,297	1130,253	1138,301
3069,2221	3020,2218	3028,2098	3077,2113
3391,1538	3416,1581	3311,1633	3300,1585
474,913	455,868	566,824	574,872
2821,2701	2861,2728	2795,2828	2761,2793
1721,2237	1771,2237	1768,2357	1719,2346
1521,1711	1566,1730	1524,1840	1481,1813
2799,1705	2768,1745	2674,1672	2711,1639
668,1121	702,1157	613,1238	588,1194
3347,2351	3393,2337	3427,2450	3377,2453
1003,618	988,665	872,626	898,582
3805,303	3761,325	3705,219	3755,206
1159,323	1209,323	1206,443	1157,432
706,1326	682,1369	577,1316	610,1277
2548,1836	2523,1793	2623,1731	2640,1778
1340,1759	1291,1756	1299,1636	1348,1651
797,2235	820,2192	925,2246	894,2284
2232,893	2270,921	2205,1017	2171,979
2254,1911	2210,1888	2264,1781	2304,1812
1750,1851	1735,1898	1619,1859	1645,1815
1704,1423	1696,1472	1577,1454	1594,1408
2494,1818	2474,1863	2366,1815	2395,1772
1433,2116	1442,2162	1324,2190	1326,2141
2014,2459	2064,2466	2049,2582	2001,2567
2550,1020	2501,1013	2516,893	2563,909
2024,1977	2031,1930	2150,1949	2132,1996
1394,1499	1401,1452	1520,1471	1502,1518
3626,785	3649,743	3754,796	3721,835
2158,694	2121,659	2202,570	2231,612
2045,812	2003,839	1939,741	1987,723
1493,633	1508,587	1623,626	1595,669
3279,2125	3325,2114	3356,2226	3305,2229
1116,1780	1092,1738	1196,1680	1210,1727
2353,2077	2379,2037	2482,2098	2447,2134
2576,983	2622,969	2657,1082	2606,1085
2287,1078	2335,1072	2352,1189	2302,1184
1270,2418	1226,2440	1170,2334	1220,2321
297,436	278,391	389,347	397,395
2798,1026	2832,1062	2743,1143	2718,1099
1830,1150	1875,1169	1833,1279	1790,1252
1211,1454	1195,1501	1081,1460	1108,1418
3474,1867	3455,1824	3562,1774	3573,1821
1729,1016	1779,1023	1764,1139	1716,1124
1646,719	1652,766	1535,778	1541,728
3235,1155	3261,1194	3165,1263	3145,1217
1030,1250	1072,1275	1007,1375	973,1339
2804,662	2801,612	2920,609	2911,658
2158,2307	2179,2352	2069,2404	2058,2356
2117,1341	2157,1311	2230,1405	2183,1426
655,2037	630,1994	730,1932	747,1979
2269,805	2247,850	2138,796	2169,756
1277,1969	1283,2016	1166,2028	1172,1978
3157,2021	3191,2057	3102,2138	3077,2094
3090,934	3136,923	3167,1035	3116,1038
3036,1942	3035,1991	2916,1989	2928,1942
1933,2262	1954,2307	1844,2359	1833,2311
940,2580	953,2532	1071,2563	1050,2608
2618,2482	2618,2435	2740,2433	2727,2482
1552,946	1578,985	1482,1054	1462,1008
3566,920	3604,948	3539,1044	3505,1006
2984,1286	2937,1272	2968,1157	3013,1179
1614,1279	1592,1324	1483,1270	1514,1230
1068,2064	1048,2109	940,2061	969,2018
1378,550	1371,599	1253,582	1272,537
1476,1813	1478,1862	1361,1870	1370,1820
2152,2547	2198,2533	2232,2646	2182,2649
2580,1494	2616,1524	2543,1617	2512,1580
3187,1425	3172,1472	3056,1433	3082,1389
2749,568	2725,611	2620,558	2653,519
2018,2675	2003,2722	1887,2683	1913,2639
2838,2335	2876,2363	2811,2459	2777,2421
3329,755	3307,800	3198,746	3229,706
562,2484	543,2439	654,2395	662,2443
1821,1816	1874,1817	1871,1936	1821,1923
2268,910	2274,863	2392,876	2374,922
739,739	724,786	608,747	634,703
1726,1658	1683,1677	1631,1570	1679,1558
3209,2558	3188,2603	3080,2551	3109,2511
2177,1033	2219,1058	2154,1158	2120,1122
1296,717	1337,744	1274,845	1237,809
2413,2307	2376,2272	2457,2183	2486,2225
3565,1479	3540,1436	3640,1374	3657,1421
3252,2137	3228,2095	3332,2037	3346,2084
855,934	833,979	724,925	755,885
1979,1524	2025,1510	2059,1623	2009,1626
2804,1707	2780,1665	2884,1605	2901,1651
1229,1577	1252,1537	1359,1596	1325,1632
2146,2145	2097,2142	2105,2022	2154,2037
1719,2340	1711,2389	1592,2371	1609,2325
2742,2199	2720,2244	2611,2190	2642,2150
1097,2625	1123,2664	1027,2733	1007,2687
3394,1007	3444,1014	3429,1130	3381,1115
3062,1148	3088,1108	3191,1169	3156,1205
3502,2341	3552,2341	3549,2461	3500,2450
1000,1373	976,1416	871,1363	904,1324
3343,2371	3319,2414	3214,2361	3247,2322
1205,2231	1200,2184	1318,2172	1312,2220
2003,582	2045,607	1980,707	1946,671
2921,2210	2966,2224	2933,2339	2890,2312
1401,2590	1416,2544	1531,2583	1503,2626
703,1094	659,1116	603,1010	653,997
2244,1587	2285,1614	2219,1713	2183,1675
1151,928	1160,974	1042,1002	1044,953
