1376,1447	1422,1462	1382,1577	1339,1548
440,626	396,650	335,546	385,531
3438,2753	3454,2707	3569,2746	3544,2790
1088,1003	1064,961	1168,903	1182,950
314,1896	362,1890	379,2007	329,2002
3783,1479	3785,1429	3905,1432	3893,1481
1257,2193	1286,2229	1193,2306	1171,2261
2881,1305	2862,1260	2973,1216	2981,1264
1493,1820	1521,1860	1425,1929	1406,1883
2970,876	2985,922	2873,961	2867,911
2591,1672	2614,1632	2721,1691	2687,1727
3897,1951	3879,1997	3770,1952	3798,1911
1480,2398	1494,2444	1382,2480	1378,2430
2990,1777	3005,1823	2893,1862	2887,1812
2539,2612	2588,2601	2618,2717	2568,2718
2398,978	2421,1021	2322,1080	2307,1032
3589,286	3630,313	3564,412	3528,374
792,2105	813,2150	703,2202	692,2154
3606,1892	3656,1890	3660,2007	3611,1999
3536,981	3559,941	3666,1000	3632,1036
1278,1338	1270,1387	1151,1369	1168,1323
732,2956	688,2933	742,2826	782,2857
235,1007	281,996	312,1108	261,1111
2455,1611	2497,1636	2432,1736	2398,1700
2351,2932	2301,2925	2316,2807	2364,2827
790,1032	819,1068	726,1145	704,1100
3131,415	3131,368	3253,366	3240,415
1188,472	1169,427	1280,383	1288,431
1384,1165	1397,1117	1515,1148	1494,1193
1737,2665	1758,2710	1648,2762	1637,2714
3267,2165	3268,2213	3150,2216	3160,2165
3450,2279	3435,2326	3319,2287	3345,2243
2672,3077	2629,3052	2692,2948	2729,2981
2447,2479	2413,2445	2498,2358	2524,2399
1784,2248	1779,2201	1897,2189	1891,2237
3866,1512	3908,1537	3843,1637	3809,1601
2009,1770	1965,1792	1909,1686	1959,1673
2183,2566	2139,2594	2073,2495	2120,2477
1638,2209	1589,2203	1604,2084	1651,2099
2093,323	2069,367	1964,309	1998,271
2725,1874	2778,1875	2775,1994	2725,1981
3916,260	3952,290	3879,383	3848,346
3141,1164	3187,1150	3222,1263	3171,1266
3269,1537	3269,1490	3391,1488	3378,1537
3135,1266	3158,1308	3054,1363	3042,1317
1303,592	1349,578	1383,691	1333,694
3165,473	3174,520	3056,542	3059,494
1640,2506	1661,2551	1551,2601	1541,2554
3015,323	2969,340	2928,229	2978,223
2404,895	2373,935	2279,862	2316,829
2190,2407	2143,2393	2174,2278	2219,2300
1694,2374	1648,2391	1607,2280	1657,2274
1504,1597	1548,1619	1498,1726	1458,1693
563,1014	613,1012	617,1129	568,1121
2432,1446	2383,1439	2398,1319	2445,1335
3376,454	3326,447	3341,329	3389,349
3250,724	3226,682	3330,624	3344,671
488,2651	511,2693	407,2748	395,2702
3716,1646	3695,1691	3587,1639	3616,1599
3767,2727	3760,2776	3642,2759	3661,2714
1241,2062	1291,2062	1288,2182	1239,2171
430,1490	411,1445	522,1401	530,1449
726,180	732,227	615,239	621,189
2418,1599	2372,1616	2331,1505	2381,1499
982,1966	962,2011	854,1963	883,1920
393,819	439,805	473,918	423,921
2468,2119	2456,2166	2337,2140	2359,2097
1112,688	1093,643	1204,599	1212,647
3960,2854	3948,2901	3829,2875	3851,2832
1092,1142	1073,1097	1184,1053	1192,1101
411,1769	362,1766	370,1646	419,1661
926,2715	907,2670	1018,2626	1026,2674
2481,422	2471,470	2353,444	2374,398
2099,526	2056,550	1992,448	2039,431
917,1708	923,1661	1041,1674	1023,1720
3543,753	3498,769	3454,658	3504,651
2604,2007	2583,2052	2475,2000	2504,1960
2035,2354	2041,2401	1924,2413	1930,2363
866,832	889,789	994,843	963,881
3154,2568	3200,2554	3235,2667	3184,2670
2726,2422	2776,2420	2780,2537	2731,2529
1055,2190	1093,2218	1028,2314	994,2276
3554,1109	3556,1158	3439,1166	3448,1116
762,1524	783,1569	673,1621	662,1573
2668,2583	2617,2577	2633,2458	2680,2475
2308,1872	2259,1858	2291,1743	2334,1766
3101,1585	3058,1604	3006,1497	3054,1485
2209,1725	2172,1690	2253,1601	2282,1643
960,1771	970,1819	852,1844	853,1794
721,1874	735,1920	623,1956	619,1906
482,2575	484,2525	604,2528	592,2577
1381,1228	1422,1258	1351,1352	1317,1313
2049,690	2028,735	1920,683	1949,643
2418,610	2459,637	2393,736	2357,698
3194,917	3209,871	3324,910	3296,953
864,766	863,815	744,813	756,766
1162,2490	1162,2443	1284,2441	1271,2490
3684,3015	3641,2990	3704,2886	3741,2919
3410,808	3458,802	3475,919	3425,914
3781,976	3757,934	3861,874	3878,920
1329,1680	1278,1674	1294,1555	1341,1572
2789,255	2824,287	2746,375	2716,334
1978,1318	2004,1278	2107,1339	2072,1375
1786,2550	1739,2536	1770,2421	1815,2443
2490,2659	2443,2645	2474,2530	2519,2552
669,814	620,800	652,685	695,708
2677,1925	2633,1947	2583,1839	2631,1827
2435,2831	2442,2784	2561,2803	2543,2850
2836,899	2812,943	2707,885	2741,847
2960,1636	2985,1679	2880,1731	2869,1683
2678,2247	2654,2205	2758,2145	2775,2191
2929,2773	2970,2800	2910,2900	2873,2865
1871,1197	1911,1224	1845,1324	1811,1289
3046,2523	3001,2502	3051,2392	3090,2421
2781,777	2737,799	2687,691	2735,679
2902,604	2923,649	2813,701	2802,653
2132,1971	2158,1931	2261,1992	2226,2028
3017,712	3062,731	3020,841	2977,814
879,217	914,249	836,337	806,296
1686,696	1727,723	1667,823	1630,788
709,2375	666,2399	602,2297	649,2280
956,2391	907,2388	915,2268	964,2283
901,1157	908,1110	1027,1129	1009,1176
3463,1311	3505,1336	3440,1436	3406,1400
2282,1264	2235,1276	2205,1159	2255,1158
1476,789	1497,834	1387,884	1377,837
2007,2112	2030,2154	1926,2209	1914,2163
1747,1269	1723,1227	1827,1169	1841,1216
1832,1358	1867,1390	1789,1478	1759,1437
714,607	706,560	822,536	821,589
1617,1390	1631,1436	1519,1472	1515,1422
1306,2640	1262,2662	1206,2556	1256,2543
2203,609	2188,656	2072,617	2098,573
1064,422	1057,471	939,454	958,409
631,603	586,582	636,472	675,501
3169,1809	3215,1824	3175,1939	3132,1910
3530,1934	3520,1982	3402,1956	3423,1910
1744,1056	1720,1014	1824,954	1841,1000
1732,404	1766,440	1677,521	1652,477
531,1706	526,1659	644,1647	638,1695
1647,1914	1692,1933	1650,2043	1607,2016
2746,1338	2774,1378	2678,1447	2659,1401
2742,1147	2783,1174	2720,1275	2683,1239
1055,1891	1104,1880	1134,1996	1084,1997
3452,2265	3408,2242	3462,2135	3502,2166
3458,1634	3486,1674	3390,1743	3371,1697
2766,1547	2789,1507	2896,1566	2862,1602
1217,2896	1232,2942	1120,2981	1114,2931
2864,2048	2889,2091	2784,2143	2773,2095
3340,994	3390,994	3387,1114	3338,1103
1805,534	1841,564	1768,657	1737,620
3496,2331	3532,2361	3459,2454	3428,2417
2637,1012	2682,1031	2640,1141	2597,1114
2011,1968	1987,2012	1882,1954	1916,1916
958,1484	911,1470	942,1355	987,1377
1967,2791	1983,2745	2098,2784	2073,2828
307,2126	352,2140	319,2255	276,2228
556,955	569,907	687,938	666,983
3907,681	3864,656	3927,552	3964,585
748,1397	730,1443	621,1398	649,1357
1686,1209	1707,1254	1597,1304	1587,1257
2459,1306	2508,1295	2538,1411	2488,1412
2446,1789	2471,1832	2366,1884	2355,1836
1105,2437	1095,2485	977,2459	998,2413
2496,1616	2477,1571	2588,1527	2596,1575
3552,2168	3593,2195	3527,2294	3491,2256
1628,1714	1663,1746	1585,1834	1555,1793
2307,2568	2270,2533	2351,2444	2380,2486
1350,1966	1306,1943	1360,1836	1400,1867
3042,2016	3084,2041	3019,2141	2985,2105
2302,2177	2256,2194	2215,2083	2265,2077
2050,1531	2031,1488	2138,1438	2149,1485
820,1724	822,1773	705,1781	714,1731
526,2187	533,2140	652,2159	634,2206
652,2685	698,2671	733,2784	682,2787
3872,1074	3910,1102	3845,1198	3811,1160
1708,1639	1689,1596	1796,1546	1807,1593
834,2528	789,2507	839,2397	878,2426
2187,943	2136,937	2152,818	2199,835
2101,1552	2089,1599	1970,1573	1992,1530
972,1323	995,1280	1100,1334	1069,1372
3315,2758	3341,2797	3245,2866	3225,2820
2340,1298	2337,1248	2456,1245	2447,1294
1606,681	1594,728	1475,702	1497,659
3027,1175	3008,1130	3119,1086	3127,1134
3213,1679	3203,1727	3085,1701	3106,1655
385,2804	338,2816	308,2699	358,2698
2013,1033	1998,1080	1882,1041	1908,997
778,1245	735,1269	671,1167	718,1150
2235,2386	2235,2339	2357,2337	2344,2386
2247,587	2292,606	2250,716	2207,689
2900,1018	2897,1067	2776,1060	2789,1011
3298,1073	3254,1101	3188,1002	3235,984
2634,688	2590,665	2644,558	2684,589
2201,1047	2177,1091	2072,1033	2106,995
1162,1685	1171,1732	1053,1754	1056,1706
2966,2294	2935,2334	2841,2261	2878,2228
1307,1197	1258,1183	1290,1068	1333,1091
3957,2458	3933,2501	3828,2448	3861,2409
922,2084	968,2105	917,2215	878,2186
2956,1464	2913,1439	2976,1335	3013,1368
859,1067	834,1024	934,962	951,1009
2069,1973	2035,1939	2120,1852	2146,1893
3320,1892	3295,1849	3395,1787	3412,1834
3191,1449	3212,1494	3102,1546	3091,1498
528,1792	568,1762	641,1856	594,1877
1255,798	1299,820	1249,927	1209,894
3150,2026	3196,2015	3227,2127	3176,2130
3106,2351	3155,2340	3185,2456	3135,2457
1524,976	1550,936	1653,997	1618,1033
3397,2475	3423,2514	3327,2583	3307,2537
1657,520	1685,560	1589,629	1570,583
2705,2261	2728,2303	2624,2358	2612,2312
2309,257	2351,282	2286,382	2252,346
1326,2366	1341,2320	1456,2359	1428,2402
1808,2268	1858,2275	1843,2391	1795,2376
2602,761	2623,806	2513,858	2502,810
3010,2594	2966,2622	2900,2523	2947,2505
1386,288	1401,334	1289,373	1283,323
3424,1260	3421,1309	3300,1302	3313,1253
309,1169	359,1167	363,1284	314,1276
2678,1843	2684,1796	2802,1809	2784,1855
2054,874	2023,914	1929,841	1966,808
3523,1501	3561,1529	3496,1625	3462,1587
2139,1347	2187,1341	2204,1458	2154,1453
3589,2648	3615,2608	3718,2669	3683,2705
3484,1777	3531,1784	3512,1902	3467,1883
1035,2104	1075,2074	1148,2168	1101,2189
1186,1583	1139,1595	1109,1478	1159,1477
2552,2165	2588,2195	2515,2288	2484,2251
867,740	830,705	911,616	940,658
1930,2629	1881,2622	1896,2502	1943,2518
1088,803	1111,760	1216,814	1185,852
1096,706	1049,718	1019,601	1069,600
2613,1069	2569,1097	2503,998	2550,980
2614,1130	2624,1178	2506,1203	2507,1153
780,2645	730,2638	745,2520	793,2540
1779,1836	1745,1802	1830,1715	1856,1756
3385,1624	3367,1670	3258,1625	3286,1584
839,1470	885,1485	845,1600	802,1571
2933,660	2928,613	3046,601	3040,649
3912,2663	3958,2684	3907,2794	3868,2765
1507,2180	1460,2192	1430,2075	1480,2074
2689,638	2684,591	2802,579	2796,627
3467,2602	3490,2559	3595,2613	3564,2651
946,1265	902,1293	836,1194	883,1176
3573,518	3607,554	3518,635	3493,591
2010,1976	2063,1977	2060,2096	2010,2083
1869,374	1819,367	1834,249	1882,269
3581,1999	3615,2035	3526,2116	3501,2072
3128,2276	3084,2298	3034,2190	3082,2178
2161,1834	2116,1813	2166,1703	2205,1732
1528,1205	1534,1158	1652,1171	1634,1217
1435,1647	1451,1694	1340,1734	1334,1684
2913,1935	2959,1950	2919,2065	2876,2036
3143,898	3145,947	3028,955	3037,905
1183,1312	1189,1265	1307,1278	1289,1324
2630,338	2618,385	2499,359	2521,316
3514,786	3554,756	3627,850	3580,871
1819,1801	1857,1829	1792,1925	1758,1887
2420,2085	2371,2082	2379,1962	2428,1977
