357,2666	336,2625	425,2582	445,2624
3717,1245	3672,1260	3650,1166	3694,1154
1891,993	1915,952	1997,1008	1972,1047
1097,2110	1047,2111	1058,2014	1104,2016
3180,582	3138,604	3097,518	3139,498
3917,2663	3872,2678	3850,2584	3894,2572
3356,2768	3328,2733	3408,2679	3437,2713
2831,676	2863,709	2784,772	2754,734
1207,1691	1157,1692	1168,1595	1214,1597
3092,2456	3045,2465	3033,2367	3079,2360
694,2699	646,2698	658,2599	703,2602
2106,1949	2097,1905	2195,1890	2202,1935
3269,1434	3241,1399	3321,1345	3350,1379
3794,808	3828,773	3897,846	3863,878
4032,263	3987,278	3965,184	4009,172
1307,2631	1341,2597	1408,2671	1374,2703
1060,2732	1013,2741	1001,2643	1047,2636
1910,400	1868,417	1833,322	1875,304
3382,776	3337,791	3315,697	3359,685
3690,2632	3648,2651	3615,2559	3659,2543
3117,1896	3072,1903	3057,1805	3106,1798
2993,1714	3019,1675	3100,1735	3071,1774
1321,256	1279,278	1238,192	1280,172
3549,1005	3521,970	3601,916	3630,950
1246,2419	1210,2448	1154,2369	1193,2342
920,1909	892,1874	972,1820	1001,1854
2820,2465	2805,2421	2900,2396	2914,2441
814,714	795,673	884,635	903,675
3765,2436	3750,2392	3845,2367	3859,2412
3725,1592	3709,1547	3805,1520	3819,1566
3184,2085	3210,2046	3291,2106	3262,2145
3750,436	3708,455	3675,363	3719,347
801,2619	827,2580	908,2640	879,2679
1768,950	1799,916	1871,986	1838,1020
2182,2124	2137,2131	2122,2033	2171,2026
2118,2514	2071,2519	2068,2419	2115,2419
739,706	694,721	672,627	716,615
1074,2383	1032,2402	999,2310	1043,2294
1116,1465	1150,1430	1219,1503	1185,1535
3730,708	3762,741	3683,804	3653,766
3489,377	3444,384	3429,286	3478,279
2620,1874	2592,1839	2672,1785	2701,1819
565,2182	556,2138	654,2123	661,2168
4030,2001	3985,2008	3970,1910	4019,1903
568,631	521,640	509,542	555,535
553,1224	508,1235	489,1142	532,1133
2545,461	2500,476	2478,382	2522,370
633,1879	665,1912	586,1975	556,1937
2423,1202	2404,1161	2493,1123	2512,1163
1727,2836	1679,2835	1691,2736	1736,2739
2621,1205	2574,1210	2571,1110	2618,1110
1630,1881	1661,1847	1733,1917	1700,1951
1530,2065	1514,2020	1610,1993	1624,2039
2125,767	2078,772	2075,672	2122,672
2913,2058	2908,2012	3007,2008	3010,2054
3963,1265	3935,1230	4015,1176	4044,1210
242,407	214,372	294,318	323,352
1386,1432	1348,1459	1299,1376	1338,1354
3547,676	3502,683	3487,585	3536,578
1594,1791	1585,1747	1683,1732	1690,1777
1304,1179	1338,1144	1407,1217	1373,1249
1031,1093	1022,1049	1120,1034	1127,1079
1758,1546	1720,1573	1671,1490	1710,1468
1620,915	1573,920	1570,820	1617,820
3421,2017	3376,2032	3354,1938	3398,1926
2301,2272	2263,2299	2214,2216	2253,2194
3973,1075	3928,1082	3913,984	3962,977
2164,480	2192,442	2268,506	2239,543
2281,1396	2313,1429	2234,1492	2204,1454
1029,743	1053,702	1135,758	1110,797
637,1764	595,1783	562,1691	606,1675
2977,1190	3011,1156	3078,1230	3044,1262
584,2745	546,2772	497,2689	536,2667
1060,1809	1032,1774	1112,1720	1141,1754
3858,2882	3811,2887	3808,2787	3855,2787
1497,2554	1447,2555	1458,2458	1504,2460
3493,2145	3447,2154	3431,2060	3476,2051
1576,2140	1602,2101	1683,2161	1654,2200
2588,2299	2541,2304	2538,2204	2585,2204
1430,1779	1385,1790	1366,1697	1409,1688
442,2337	423,2296	512,2258	531,2298
3004,1485	2959,1496	2940,1403	2983,1394
3722,2234	3703,2193	3792,2155	3811,2195
1862,1308	1820,1325	1785,1230	1827,1212
3331,943	3311,903	3397,864	3416,903
1119,439	1103,397	1195,364	1212,409
3274,2493	3254,2453	3340,2414	3359,2453
3088,318	3068,278	3154,239	3173,278
2149,2727	2180,2766	2095,2818	2067,2779
1487,1855	1518,1821	1590,1891	1557,1925
1226,1903	1190,1932	1134,1853	1173,1826
692,349	644,348	656,249	701,252
2730,884	2694,913	2638,834	2677,807
768,548	721,553	718,453	765,453
1915,2518	1896,2477	1985,2439	2004,2479
3600,2010	3595,1964	3694,1960	3697,2006
3113,1397	3065,1396	3077,1297	3122,1300
3303,1923	3258,1930	3243,1832	3292,1825
1823,1568	1803,1528	1889,1489	1908,1528
1917,2769	1869,2768	1881,2669	1926,2672
844,1346	825,1304	916,1270	932,1315
474,777	432,796	399,704	443,688
1001,1720	956,1731	937,1638	980,1629
4036,406	3993,420	3965,317	4013,308
2746,1556	2777,1522	2849,1592	2816,1626
3159,2727	3150,2683	3248,2668	3255,2713
2670,2622	2628,2644	2587,2558	2629,2538
2747,2150	2702,2161	2683,2068	2726,2059
754,1618	718,1647	662,1568	701,1541
2243,936	2267,895	2349,951	2324,990
2277,1786	2261,1741	2357,1714	2371,1760
659,851	614,862	595,769	638,760
3158,1570	3186,1532	3262,1596	3233,1633
2428,2131	2385,2145	2357,2042	2405,2033
877,2213	911,2179	978,2253	944,2285
2229,2371	2257,2334	2333,2398	2304,2434
1357,2108	1388,2147	1303,2199	1275,2160
3807,289	3798,245	3896,230	3903,275
2910,1123	2894,1078	2990,1051	3004,1097
2381,2557	2365,2515	2457,2482	2474,2527
1391,425	1346,440	1324,346	1368,334
802,2468	786,2423	882,2396	896,2442
3430,2242	3461,2281	3376,2333	3348,2294
852,1896	814,1923	765,1840	804,1818
2042,1408	2000,1425	1965,1330	2007,1312
2121,2336	2085,2365	2029,2286	2068,2259
2481,1424	2505,1383	2587,1439	2562,1478
3625,2400	3583,2422	3542,2336	3584,2316
953,2100	911,2117	876,2022	918,2004
1340,874	1368,836	1444,900	1415,937
333,592	291,611	258,519	302,503
1118,555	1144,516	1225,576	1196,615
1817,2250	1775,2267	1740,2172	1782,2154
2346,1424	2327,1383	2416,1345	2435,1385
2214,1654	2166,1653	2178,1554	2223,1557
1550,1680	1505,1687	1490,1589	1539,1582
2506,2408	2461,2419	2442,2326	2485,2317
2969,1298	2931,1325	2882,1242	2921,1220
2829,2299	2784,2310	2765,2217	2808,2208
1003,2554	998,2508	1097,2504	1100,2550
2466,766	2457,722	2555,707	2562,752
2494,2031	2522,1993	2598,2057	2569,2094
1776,807	1734,829	1693,743	1735,723
526,1532	521,1486	620,1482	623,1528
1785,2491	1740,2498	1725,2400	1774,2393
1976,2901	2010,2867	2077,2941	2043,2973
694,1042	725,1008	797,1078	764,1112
1144,1279	1135,1235	1233,1220	1240,1265
2947,2805	2978,2771	3050,2841	3017,2875
1684,2699	1641,2713	1613,2610	1661,2601
1906,1734	1897,1690	1995,1675	2002,1720
1435,324	1414,283	1503,240	1523,282
2143,1150	2134,1106	2232,1091	2239,1136
1399,2889	1357,2906	1322,2811	1364,2793
2793,627	2777,582	2873,555	2887,601
678,2468	633,2470	635,2372	683,2374
1502,1420	1533,1386	1605,1456	1572,1490
1989,1226	1984,1180	2083,1176	2086,1222
1699,621	1671,586	1751,532	1780,566
3476,1101	3448,1066	3528,1012	3557,1046
1824,580	1796,545	1876,491	1905,525
1155,2751	1140,2707	1235,2682	1249,2727
1233,2185	1191,2204	1158,2112	1202,2096
654,2902	609,2904	611,2806	659,2808
2114,1441	2094,1401	2180,1362	2199,1401
662,1200	690,1162	766,1226	737,1263
2457,1605	2491,1571	2558,1645	2524,1677
896,532	920,491	1002,547	977,586
798,2241	748,2242	759,2145	805,2147
3224,1116	3258,1081	3327,1154	3293,1186
2273,1936	2257,1894	2349,1861	2366,1906
969,869	993,828	1075,884	1050,923
3105,2196	3139,2161	3208,2234	3174,2266
1823,2405	1807,2360	1903,2333	1917,2379
2146,650	2099,655	2096,555	2143,555
2436,834	2394,853	2361,761	2405,745
707,949	698,905	796,890	803,935
2411,620	2368,634	2340,531	2388,522
1637,1315	1632,1269	1731,1265	1734,1311
1270,660	1304,625	1373,698	1339,730
3434,2940	3386,2939	3398,2840	3443,2843
327,1544	279,1543	291,1444	336,1447
1391,1980	1367,1941	1454,1894	1479,1936
2134,391	2098,420	2042,341	2081,314
2212,667	2193,626	2282,588	2301,628
2611,2899	2568,2913	2540,2810	2588,2801
2974,2206	2928,2215	2912,2121	2957,2112
3848,2027	3803,2042	3781,1948	3825,1936
2799,1134	2784,1090	2879,1065	2893,1110
1521,2987	1479,3004	1444,2909	1486,2891
3605,1361	3636,1400	3551,1452	3523,1413
913,810	893,770	979,731	998,770
3520,1314	3492,1279	3572,1225	3601,1259
2770,1859	2761,1815	2859,1800	2866,1845
1295,2356	1329,2321	1398,2394	1364,2426
3333,1760	3318,1716	3413,1691	3427,1736
2186,2696	2141,2703	2126,2605	2175,2598
2729,1394	2684,1396	2686,1298	2734,1300
3718,271	3673,286	3651,192	3695,180
3078,1103	3109,1069	3181,1139	3148,1173
2093,960	2072,919	2161,876	2181,918
2483,2014	2436,2019	2433,1919	2480,1919
2521,995	2478,1009	2450,906	2498,897
284,2071	279,2025	378,2021	381,2067
1359,1601	1335,1562	1422,1515	1447,1557
2480,2479	2508,2442	2584,2506	2555,2542
1888,592	1919,558	1991,628	1958,662
2699,2554	2678,2513	2767,2470	2787,2512
2483,1555	2447,1584	2391,1505	2430,1478
3639,1865	3591,1864	3603,1765	3648,1768
1459,751	1450,707	1548,692	1555,737
1657,1188	1612,1203	1590,1109	1634,1097
1623,2540	1575,2539	1587,2440	1632,2443
3843,549	3793,550	3804,453	3850,455
1898,1970	1877,1929	1966,1886	1986,1928
2889,863	2920,902	2835,954	2807,915
789,1320	821,1353	742,1416	712,1378
1765,2083	1793,2046	1869,2110	1840,2146
891,1552	886,1506	985,1502	988,1548
2759,1905	2790,1944	2705,1996	2677,1957
3350,1551	3331,1510	3420,1472	3439,1512
3204,1766	3188,1721	3284,1694	3298,1740
2308,1303	2263,1314	2244,1221	2287,1212
1633,2843	1665,2876	1586,2939	1556,2901
1238,817	1264,778	1345,838	1316,877
2734,298	2718,256	2810,223	2827,268
334,881	286,880	298,781	343,784
2481,1817	2453,1782	2533,1728	2562,1762
1088,1453	1041,1462	1029,1364	1075,1357
2958,674	2984,635	3065,695	3036,734
1090,1252	1052,1279	1003,1196	1042,1174
3368,1183	3400,1216	3321,1279	3291,1241
3372,2555	3406,2521	3473,2595	3439,2627
