2355,2680	2383,2643	2459,2707	2430,2743
1824,1252	1779,1259	1764,1161	1813,1154
2170,1403	2204,1368	2273,1441	2239,1473
3154,1204	3134,1164	3220,1125	3239,1164
2386,2588	2365,2547	2454,2504	2474,2546
2255,675	2217,702	2168,619	2207,597
2069,2550	2054,2506	2149,2481	2163,2526
671,2329	702,2295	774,2365	741,2399
311,352	335,311	417,367	392,406
2383,801	2335,800	2347,701	2392,704
1708,2693	1689,2652	1778,2614	1797,2654
2287,388	2271,343	2367,316	2381,362
2324,1812	2319,1766	2418,1762	2421,1808
560,805	551,761	649,746	656,791
3301,2938	3263,2965	3214,2882	3253,2860
3047,1775	3031,1733	3123,1700	3140,1745
3387,1711	3345,1730	3312,1638	3356,1622
910,2595	865,2597	867,2499	915,2501
2338,2475	2295,2489	2267,2386	2315,2377
3566,2858	3524,2877	3491,2785	3535,2769
3130,1279	3088,1298	3055,1206	3099,1190
1018,2925	972,2934	956,2840	1001,2831
3961,683	3993,716	3914,779	3884,741
3748,1316	3698,1317	3709,1220	3755,1222
3737,727	3718,685	3809,651	3825,696
378,2895	369,2851	467,2836	474,2881
3088,333	3067,292	3156,249	3176,291
3680,1759	3660,1719	3746,1680	3765,1719
1030,2044	983,2049	980,1949	1027,1949
770,2580	724,2589	708,2495	753,2486
1936,2184	1970,2149	2039,2222	2005,2254
1879,2061	1863,2019	1955,1986	1972,2031
3136,1601	3089,1610	3077,1512	3123,1505
2615,2266	2567,2265	2579,2166	2624,2169
803,997	782,956	871,913	891,955
3872,2535	3900,2498	3976,2562	3947,2598
2438,1608	2422,1566	2514,1533	2531,1578
1419,1744	1383,1773	1327,1694	1366,1667
1479,2403	1437,2422	1404,2330	1448,2314
3465,1056	3418,1061	3415,961	3462,961
1242,2564	1233,2520	1331,2505	1338,2550
571,2225	526,2236	507,2143	550,2134
3773,1854	3731,1876	3690,1790	3732,1770
3899,531	3879,491	3965,452	3984,491
1215,519	1170,530	1151,437	1194,428
3948,378	3905,392	3877,289	3925,280
2049,2720	2083,2685	2152,2758	2118,2790
327,2342	279,2341	291,2242	336,2245
781,1690	738,1704	710,1601	758,1592
932,2151	886,2160	870,2066	915,2057
1078,2484	1063,2440	1158,2415	1172,2460
2417,2830	2448,2869	2363,2921	2335,2882
1464,670	1419,677	1404,579	1453,572
2739,2620	2720,2578	2811,2544	2827,2589
880,1416	861,1375	950,1337	969,1377
3846,1866	3878,1899	3799,1962	3769,1924
1742,832	1766,791	1848,847	1823,886
2963,490	2918,492	2920,394	2968,396
3469,1314	3427,1336	3386,1250	3428,1230
3850,2079	3881,2118	3796,2170	3768,2131
3360,2009	3391,1975	3463,2045	3430,2079
1141,1453	1094,1458	1091,1358	1138,1358
2865,2915	2818,2920	2815,2820	2862,2820
1243,2243	1198,2245	1200,2147	1248,2149
2027,419	2003,380	2090,333	2115,375
2697,1827	2673,1788	2760,1741	2785,1783
2020,1065	1978,1087	1937,1001	1979,981
1168,407	1121,416	1109,318	1155,311
2062,2027	2093,1993	2165,2063	2132,2097
3342,376	3297,391	3275,297	3319,285
2805,1460	2789,1415	2885,1388	2899,1434
3328,2430	3312,2388	3404,2355	3421,2400
1747,1752	1728,1711	1817,1673	1836,1713
1781,2231	1757,2192	1844,2145	1869,2187
3093,2944	3051,2963	3018,2871	3062,2855
1241,652	1272,691	1187,743	1159,704
3244,667	3278,632	3347,705	3313,737
1974,856	2008,822	2075,896	2041,928
767,1244	731,1273	675,1194	714,1167
950,731	930,691	1016,652	1035,691
865,1860	845,1820	931,1781	950,1820
1444,2783	1472,2745	1548,2809	1519,2846
2086,1207	2120,1173	2187,1247	2153,1279
2477,994	2456,953	2545,910	2565,952
522,2552	480,2569	445,2474	487,2456
1375,862	1406,828	1478,898	1445,932
2234,1932	2218,1890	2310,1857	2327,1902
2860,636	2888,599	2964,663	2935,699
2584,1327	2618,1293	2685,1367	2651,1399
3145,2511	3098,2516	3095,2416	3142,2416
372,1279	330,1301	289,1215	331,1195
3388,2671	3340,2670	3352,2571	3397,2574
238,1889	223,1845	318,1820	332,1865
2249,2189	2230,2148	2319,2110	2338,2150
1631,1448	1589,1467	1556,1375	1600,1359
3286,2053	3239,2058	3236,1958	3283,1958
2267,2351	2220,2360	2208,2262	2254,2255
1093,1005	1124,1044	1039,1096	1011,1057
565,1187	544,1146	633,1103	653,1145
3640,2408	3595,2423	3573,2329	3617,2317
2702,1198	2660,1217	2627,1125	2671,1109
2892,1718	2868,1679	2955,1632	2980,1674
1405,1256	1390,1212	1485,1187	1499,1232
3568,1488	3552,1446	3644,1413	3661,1458
1979,2969	1974,2923	2073,2919	2076,2965
1143,1284	1123,1244	1209,1205	1228,1244
1563,737	1595,770	1516,833	1486,795
1686,618	1681,572	1780,568	1783,614
2846,1130	2827,1088	2918,1054	2934,1099
3606,796	3561,807	3542,714	3585,705
2661,2001	2646,1957	2741,1932	2755,1977
242,878	276,843	345,916	311,948
3389,2211	3339,2212	3350,2115	3396,2117
2709,2232	2733,2191	2815,2247	2790,2286
2789,1007	2742,1012	2739,912	2786,912
2379,623	2403,582	2485,638	2460,677
1843,2408	1827,2363	1923,2336	1937,2382
2946,2145	2970,2104	3052,2160	3027,2199
1665,1070	1649,1025	1745,998	1759,1044
2263,2633	2221,2655	2180,2569	2222,2549
2482,2116	2437,2118	2439,2020	2487,2022
636,929	589,938	577,840	623,833
2642,2457	2599,2471	2571,2368	2619,2359
3557,1136	3588,1175	3503,1227	3475,1188
4037,1779	4001,1808	3945,1729	3984,1702
2783,533	2738,535	2740,437	2788,439
2569,1893	2524,1900	2509,1802	2558,1795
2524,2020	2508,1978	2600,1945	2617,1990
3232,1905	3216,1863	3308,1830	3325,1875
1158,1585	1189,1551	1261,1621	1228,1655
3029,2695	3013,2653	3105,2620	3122,2665
382,762	366,717	462,690	476,736
2893,2032	2848,2039	2833,1941	2882,1934
2428,1352	2456,1315	2532,1379	2503,1415
2235,2973	2199,3002	2143,2923	2182,2896
2080,1319	2038,1341	1997,1255	2039,1235
1495,2029	1474,1988	1563,1945	1583,1987
4020,1499	3975,1514	3953,1420	3997,1408
2862,921	2890,884	2966,948	2937,984
1986,1770	1939,1775	1936,1675	1983,1675
3343,1844	3323,1804	3409,1765	3428,1804
1458,2259	1492,2224	1561,2297	1527,2329
2688,2816	2646,2835	2613,2743	2657,2727
4009,1174	3961,1173	3973,1074	4018,1077
1091,843	1048,857	1020,754	1068,745
766,1014	797,1053	712,1105	684,1066
1040,2584	992,2583	1004,2484	1049,2487
1204,1110	1188,1065	1284,1038	1298,1084
3060,885	3044,840	3140,813	3154,859
1697,2028	1673,1989	1760,1942	1785,1984
297,2727	278,2686	367,2648	386,2688
1825,2628	1804,2587	1893,2544	1913,2586
2633,1602	2659,1563	2740,1623	2711,1662
1192,1409	1187,1363	1286,1359	1289,1405
2462,2323	2417,2325	2419,2227	2467,2229
560,1368	544,1326	636,1293	653,1338
1890,1478	1874,1436	1966,1403	1983,1448
1679,2150	1637,2172	1596,2086	1638,2066
2787,701	2751,730	2695,651	2734,624
951,1168	906,1175	891,1077	940,1070
730,362	683,371	671,273	717,266
1462,1480	1415,1489	1403,1391	1449,1384
3183,2200	3133,2201	3144,2104	3190,2106
1616,2302	1640,2261	1722,2317	1697,2356
3367,1511	3347,1471	3433,1432	3452,1471
1406,2693	1368,2720	1319,2637	1358,2615
1073,1881	1097,1840	1179,1896	1154,1935
3160,1725	3144,1683	3236,1650	3253,1695
2353,516	2317,545	2261,466	2300,439
2295,1691	2247,1690	2259,1591	2304,1594
1486,2573	1462,2534	1549,2487	1574,2529
2921,2356	2873,2355	2885,2256	2930,2259
1055,2704	1086,2743	1001,2795	973,2756
3681,2611	3709,2574	3785,2638	3756,2674
1010,1773	989,1732	1078,1689	1098,1731
1624,712	1579,714	1581,616	1629,618
3122,735	3103,694	3192,656	3211,696
1977,1518	2008,1484	2080,1554	2047,1588
2394,1038	2349,1045	2334,947	2383,940
467,1860	425,1879	392,1787	436,1771
1970,657	1949,616	2038,573	2058,615
3090,2400	3074,2358	3166,2325	3183,2370
2927,1511	2918,1467	3016,1452	3023,1497
2890,1595	2843,1600	2840,1500	2887,1500
3596,2162	3549,2171	3537,2073	3583,2066
3906,2088	3887,2047	3976,2009	3995,2049
1711,1633	1669,1652	1636,1560	1680,1544
2278,1302	2312,1267	2381,1340	2347,1372
2045,768	2026,727	2115,689	2134,729
1574,2439	1600,2400	1681,2460	1652,2499
3096,1917	3051,1932	3029,1838	3073,1826
340,1527	295,1529	297,1431	345,1433
1010,2285	1038,2247	1114,2311	1085,2348
2964,1043	2998,1009	3065,1083	3031,1115
1869,2968	1824,2975	1809,2877	1858,2870
1407,2247	1365,2266	1332,2174	1376,2158
3381,1170	3333,1169	3345,1070	3390,1073
907,381	865,403	824,317	866,297
714,691	664,692	675,595	721,597
419,2409	410,2365	508,2350	515,2395
492,1482	447,1489	432,1391	481,1384
1646,2830	1677,2869	1592,2921	1564,2882
1556,1613	1514,1635	1473,1549	1515,1529
3825,2710	3849,2669	3931,2725	3906,2764
3967,1011	3929,1038	3880,955	3919,933
664,2104	619,2111	604,2013	653,2006
2572,700	2544,665	2624,611	2653,645
919,1731	871,1730	883,1631	928,1634
955,2370	908,2375	905,2275	952,2275
1634,1794	1618,1752	1710,1719	1727,1764
3810,396	3767,410	3739,307	3787,298
1253,2000	1284,1966	1356,2036	1323,2070
1748,1283	1780,1316	1701,1379	1671,1341
787,797	782,751	881,747	884,793
3542,663	3526,618	3622,591	3636,637
3628,2292	3586,2309	3551,2214	3593,2196
3477,1636	3461,1591	3557,1564	3571,1610
3535,2717	3511,2678	3598,2631	3623,2673
691,1970	719,1932	795,1996	766,2033
1043,2158	1023,2118	1109,2079	1128,2118
3380,893	3364,851	3456,818	3473,863
1001,1291	953,1290	965,1191	1010,1194
3592,1676	3624,1709	3545,1772	3515,1734
1195,2949	1180,2905	1275,2880	1289,2925
1756,2508	1736,2468	1822,2429	1841,2468
3120,2046	3075,2057	3056,1964	3099,1955
2350,1188	2326,1149	2413,1102	2438,1144
2248,1004	2203,1011	2188,913	2237,906
3477,624	3427,625	3438,528	3484,530
293,2059	272,2018	361,1975	381,2017
2525,1126	2557,1159	2478,1222	2448,1184
2461,2877	2440,2836	2529,2793	2549,2835
387,1072	367,1032	453,993	472,1032
3295,1433	3326,1472	3241,1524	3213,1485
2882,2471	2837,2473	2839,2375	2887,2377
687,1852	666,1811	755,1768	775,1810
1064,638	1090,599	1171,659	1142,698
1652,1284	1609,1298	1581,1195	1629,1186
570,2260	604,2226	671,2300	637,2332
2916,2590	2900,2545	2996,2518	3010,2564
2663,811	2627,840	2571,761	2610,734
3583,1905	3541,1924	3508,1832	3552,1816
2924,1234	2888,1263	2832,1184	2871,1157
1344,434	1299,436	1301,338	1349,340
3287,840	3245,859	3212,767	3256,751
1950,1894	1984,1859	2053,1932	2019,1964
2654,1074	2612,1091	2577,996	2619,978
878,1558	869,1514	967,1499	974,1544
475,606	430,613	415,515	464,508
3261,991	3245,946	3341,919	3355,965
1556,1033	1518,1060	1469,977	1508,955
2842,837	2823,796	2912,758	2931,798
1808,1598	1788,1558	1874,1519	1893,1558
1527,2167	1482,2178	1463,2085	1506,2076
3246,1334	3225,1293	3314,1250	3334,1292
1824,512	1809,468	1904,443	1918,488
2000,2417	1980,2377	2066,2338	2085,2377
1142,1578	1097,1585	1082,1487	1131,1480
1394,987	1356,1014	1307,931	1346,909
757,1465	715,1487	674,1401	716,1381
1448,1741	1482,1707	1549,1781	1515,1813
586,1611	567,1569	658,1535	674,1580
1721,904	1679,921	1644,826	1686,808
2377,2451	2358,2410	2447,2372	2466,2412
1231,1681	1263,1714	1184,1777	1154,1739
1155,2108	1131,2069	1218,2022	1243,2064
3381,2547	3365,2505	3457,2472	3474,2517
1814,935	1842,897	1918,961	1889,998
1940,1334	1898,1353	1865,1261	1909,1245
1198,990	1151,995	1148,895	1195,895
2047,1804	2078,1770	2150,1840	2117,1874
2454,1755	2435,1714	2524,1676	2543,1716
2674,1510	2629,1512	2631,1414	2679,1416
1318,2413	1271,2418	1268,2318	1315,2318
2111,1724	2066,1731	2051,1633	2100,1626
2160,888	2151,844	2249,829	2256,874
1932,671	1963,710	1878,762	1850,723
3531,1066	3512,1024	3603,990	3619,1035
2026,1219	1980,1228	1964,1134	2009,1125
2655,2101	2679,2060	2761,2116	2736,2155
323,1124	285,1151	236,1068	275,1046
1967,2599	1951,2554	2047,2527	2061,2573
3543,265	3498,280	3476,186	3520,174
879,643	837,660	802,565	844,547
3184,978	3148,1007	3092,928	3131,901
3768,1509	3752,1467	3844,1434	3861,1479
2375,915	2330,917	2332,819	2380,821
639,1729	594,1744	572,1650	616,1638
1343,883	1296,892	1284,794	1330,787
3141,1427	3096,1434	3081,1336	3130,1329
2415,1495	2365,1496	2376,1399	2422,1401
364,1695	319,1697	321,1599	369,1601
1434,1121	1391,1135	1363,1032	1411,1023
3138,2582	3164,2543	3245,2603	3216,2642
2488,2590	2512,2549	2594,2605	2569,2644
3190,2321	3185,2275	3284,2271	3287,2317
1888,1914	1852,1943	1796,1864	1835,1837
1179,2498	1210,2537	1125,2589	1097,2550
