3842,1627	3868,1587	3971,1648	3936,1684
2478,2492	2501,2535	2402,2594	2387,2546
1026,2321	1067,2348	1001,2447	965,2409
3205,905	3161,882	3215,775	3255,806
399,2351	422,2393	318,2448	306,2402
1837,2578	1822,2625	1706,2586	1732,2542
2809,2645	2849,2615	2922,2709	2875,2730
423,436	399,394	503,334	520,380
1049,1257	1037,1304	918,1278	940,1235
888,830	854,796	939,709	965,750
1930,1032	1927,982	2046,979	2037,1028
2121,728	2161,755	2095,855	2061,820
1550,2622	1571,2667	1461,2717	1451,2670
3599,2821	3652,2822	3649,2941	3599,2928
889,966	843,983	802,872	852,866
2091,646	2046,662	2002,551	2052,544
414,2132	428,2178	316,2214	312,2164
1159,237	1182,280	1083,339	1068,291
1478,1955	1519,1985	1448,2079	1414,2040
1725,1661	1709,1708	1595,1667	1622,1625
2584,897	2610,936	2514,1005	2494,959
1792,1253	1801,1300	1683,1322	1686,1274
2733,2036	2708,1993	2808,1931	2825,1978
2967,1193	2969,1242	2852,1250	2861,1200
1087,2310	1127,2280	1200,2374	1153,2395
2429,2870	2465,2900	2392,2993	2361,2956
1364,2649	1315,2646	1323,2526	1372,2541
3135,1048	3086,1042	3101,923	3148,938
3628,892	3620,941	3501,923	3518,877
2993,2226	2948,2242	2904,2131	2954,2124
782,2553	751,2593	657,2520	694,2487
3401,1090	3380,1135	3272,1083	3301,1043
995,305	951,333	885,234	932,216
2481,1656	2457,1614	2561,1556	2575,1603
692,1886	671,1931	563,1879	592,1839
1310,2199	1286,2157	1390,2099	1404,2146
1457,893	1498,920	1432,1019	1396,981
3473,2906	3455,2952	3346,2907	3374,2866
3528,1978	3544,1932	3659,1971	3634,2015
219,1890	214,1843	332,1831	326,1879
3383,2168	3352,2208	3258,2135	3295,2102
2174,1166	2137,1131	2218,1042	2247,1084
2781,2258	2734,2244	2765,2129	2810,2151
1075,597	1121,583	1156,696	1105,699
1028,1588	1073,1602	1040,1717	997,1690
2348,960	2302,977	2261,866	2311,860
2787,557	2808,602	2698,654	2687,606
349,2550	372,2593	273,2652	258,2604
2015,1424	1971,1452	1905,1353	1952,1335
1042,1991	1077,2023	999,2111	969,2070
2489,822	2477,869	2358,843	2380,800
1886,398	1842,420	1786,314	1836,301
3900,1689	3941,1716	3881,1816	3844,1781
2421,504	2376,483	2426,373	2465,402
3931,1160	3933,1209	3816,1217	3825,1167
340,1472	321,1429	428,1379	439,1426
3128,1587	3178,1585	3182,1702	3133,1694
1390,2175	1431,2205	1360,2299	1326,2260
1210,2753	1231,2798	1121,2848	1111,2801
1940,2361	1897,2336	1960,2232	1997,2265
733,528	756,571	657,630	642,582
2096,2829	2047,2826	2055,2706	2104,2721
769,1365	722,1351	753,1236	798,1258
2698,1378	2653,1394	2609,1283	2659,1276
1477,1573	1434,1597	1370,1495	1417,1478
573,2343	586,2295	704,2326	683,2371
1401,776	1394,825	1276,808	1295,763
2780,1600	2737,1619	2685,1512	2733,1500
3579,2266	3536,2241	3599,2137	3636,2170
3033,882	2982,876	2998,757	3045,774
2939,548	2962,591	2863,650	2848,602
2054,2515	2101,2522	2082,2640	2037,2621
1537,1363	1529,1412	1410,1394	1427,1348
3392,2327	3401,2374	3283,2396	3286,2348
2471,679	2447,723	2342,665	2376,627
3832,772	3825,821	3707,804	3726,759
2318,2229	2327,2276	2209,2298	2212,2250
854,1806	851,1756	970,1753	961,1802
2946,1134	2904,1161	2840,1063	2888,1045
1195,2626	1151,2648	1095,2542	1145,2529
1805,2946	1786,2901	1897,2857	1905,2905
2034,1804	1988,1821	1947,1710	1997,1704
1639,723	1615,681	1719,623	1733,670
3160,2238	3138,2283	3029,2229	3060,2189
3489,1648	3445,1670	3395,1562	3443,1550
705,1794	660,1773	710,1663	749,1692
3057,1917	3066,1963	2948,1991	2950,1942
951,2095	943,2144	824,2126	841,2080
1468,3007	1419,3004	1427,2884	1476,2899
1349,763	1298,757	1314,638	1361,655
1569,2360	1610,2390	1539,2484	1505,2445
1124,801	1145,846	1035,898	1024,850
724,1048	675,1042	690,923	737,938
3820,2105	3864,2127	3814,2234	3774,2201
3045,596	3091,582	3126,695	3075,698
1573,1091	1587,1137	1475,1173	1471,1123
850,1110	888,1138	823,1234	789,1196
1197,1949	1151,1966	1110,1855	1160,1849
2809,1775	2765,1799	2704,1695	2754,1680
3149,1809	3184,1841	3106,1929	3076,1888
2614,2563	2580,2529	2665,2442	2691,2483
1238,1294	1214,1252	1318,1194	1332,1241
1779,982	1774,935	1892,923	1886,971
1796,1580	1846,1580	1843,1700	1794,1689
2367,2076	2390,2034	2495,2087	2462,2126
2077,1450	2083,1403	2201,1416	2183,1462
3896,2456	3852,2484	3786,2385	3833,2367
1413,718	1394,675	1501,625	1512,672
2029,2176	2078,2165	2108,2281	2058,2282
3109,1312	3150,1339	3087,1440	3050,1404
2214,2367	2206,2416	2087,2398	2104,2352
1143,965	1184,992	1121,1093	1084,1057
3910,893	3920,941	3802,966	3803,916
3327,2023	3302,1980	3402,1918	3419,1965
3193,352	3239,338	3273,451	3223,454
1607,2249	1583,2207	1687,2147	1704,2193
2652,264	2608,292	2542,193	2589,175
2476,1712	2504,1752	2408,1821	2389,1775
3137,2847	3136,2896	3017,2894	3029,2847
1854,1961	1810,1985	1749,1881	1799,1866
1379,1884	1360,1839	1471,1795	1479,1843
895,1522	920,1565	815,1617	804,1569
2973,1887	2926,1899	2896,1782	2946,1781
3429,2620	3379,2613	3394,2495	3442,2515
3213,1293	3236,1251	3341,1304	3308,1343
2658,945	2634,903	2738,843	2755,889
3516,611	3556,581	3629,675	3582,696
1782,2530	1784,2480	1904,2483	1892,2532
2825,2457	2774,2451	2790,2332	2837,2349
327,1203	333,1156	451,1169	433,1215
1643,1205	1640,1155	1759,1152	1750,1201
952,2875	965,2827	1083,2858	1062,2903
999,1171	1039,1141	1112,1235	1065,1256
2339,1269	2362,1226	2467,1280	2436,1318
2070,715	2063,764	1945,747	1964,702
3422,706	3472,704	3476,821	3427,813
355,597	310,576	360,466	399,495
2043,1801	2059,1755	2174,1794	2149,1838
2963,2415	2999,2445	2926,2538	2895,2501
3671,1247	3721,1254	3706,1370	3658,1355
1292,1559	1308,1606	1197,1646	1191,1596
2211,649	2192,606	2299,556	2310,603
1841,695	1822,652	1929,602	1940,649
3137,1265	3093,1287	3037,1181	3087,1168
1997,2059	1979,2105	1870,2060	1898,2019
3429,1421	3426,1371	3545,1368	3536,1417
2303,2070	2258,2086	2214,1975	2264,1968
1595,1766	1633,1794	1568,1890	1534,1852
2188,1574	2190,1524	2310,1527	2298,1576
624,1528	670,1514	705,1627	654,1630
2070,1653	2033,1618	2114,1529	2143,1571
925,1014	965,984	1038,1078	991,1099
1699,1391	1744,1405	1711,1520	1668,1493
625,2160	640,2114	755,2153	727,2196
2876,1345	2899,1387	2795,1442	2783,1396
833,2542	835,2492	955,2495	943,2544
2551,2299	2507,2321	2451,2215	2501,2202
2447,1152	2404,1127	2467,1023	2504,1056
1842,1847	1791,1841	1807,1722	1854,1739
1454,2349	1475,2394	1365,2446	1354,2398
3142,2560	3105,2525	3186,2436	3215,2478
1274,1411	1267,1460	1149,1443	1168,1398
3625,2363	3634,2409	3516,2437	3518,2388
1901,1064	1951,1071	1936,1187	1888,1172
3122,1677	3079,1696	3027,1589	3075,1577
681,709	657,753	552,695	586,657
2299,1167	2309,1215	2191,1240	2192,1190
3030,237	3036,284	2919,296	2925,246
491,823	514,866	415,925	400,877
3186,2141	3141,2120	3191,2010	3230,2039
3356,799	3377,844	3267,894	3257,847
449,2555	494,2569	461,2684	418,2657
943,1586	918,1543	1018,1481	1035,1528
2320,1778	2321,1826	2203,1829	2213,1778
3571,1107	3612,1134	3552,1234	3515,1199
3549,1451	3591,1476	3526,1576	3492,1540
3519,1698	3565,1719	3514,1829	3475,1800
2618,1108	2663,1127	2621,1237	2578,1210
1563,766	1609,787	1558,897	1519,868
3481,566	3465,613	3351,572	3378,530
1064,607	1020,635	954,536	1001,518
817,1839	867,1846	852,1962	804,1947
4041,1900	4034,1949	3916,1932	3935,1887
1358,1879	1348,1927	1230,1901	1251,1855
2024,1198	2072,1192	2089,1309	2039,1304
2019,1880	2025,1927	1908,1939	1914,1889
987,2277	971,2324	857,2283	884,2241
2712,2471	2762,2478	2747,2594	2699,2579
1854,726	1823,766	1729,693	1766,660
2339,1552	2383,1574	2333,1681	2293,1648
3437,2369	3400,2334	3481,2245	3510,2287
2395,2497	2373,2542	2264,2488	2295,2448
3404,1453	3360,1481	3294,1382	3341,1364
2941,1680	2898,1699	2846,1592	2894,1580
2462,525	2507,539	2474,654	2431,627
2590,1797	2625,1829	2547,1917	2517,1876
1731,1022	1688,1046	1624,944	1671,927
2664,714	2633,754	2539,681	2576,648
1755,1026	1801,1015	1832,1127	1781,1130
2906,1070	2881,1027	2981,965	2998,1012
2377,1460	2390,1412	2508,1443	2487,1488
2316,2069	2339,2112	2240,2171	2225,2123
1659,1499	1610,1492	1625,1372	1672,1388
2882,784	2891,831	2773,853	2776,805
858,1500	815,1475	878,1371	915,1404
2122,1836	2151,1872	2058,1949	2036,1904
942,2850	898,2872	842,2766	892,2753
1651,2281	1704,2282	1701,2401	1651,2388
639,810	679,780	752,874	705,895
582,1081	624,1106	559,1206	525,1170
1442,1700	1457,1654	1572,1693	1544,1736
3157,166	3185,206	3089,275	3070,229
1209,2380	1235,2419	1139,2488	1119,2442
595,1301	635,1328	569,1428	535,1393
3391,2147	3388,2097	3507,2094	3498,2143
3200,1066	3214,1112	3102,1148	3098,1098
3348,1698	3376,1738	3280,1807	3261,1761
3447,2515	3500,2516	3497,2635	3447,2622
3444,1300	3407,1265	3488,1176	3517,1218
336,1646	320,1693	206,1652	233,1610
1518,339	1533,293	1648,332	1620,375
1168,2072	1208,2099	1142,2199	1108,2164
1341,1096	1304,1061	1385,972	1414,1014
3969,1406	3951,1452	3842,1407	3870,1366
2655,2071	2643,2118	2524,2092	2546,2049
1544,2621	1497,2633	1467,2516	1517,2515
1312,1311	1328,1265	1443,1304	1418,1348
3432,361	3468,391	3395,484	3364,447
2844,929	2834,978	2718,956	2739,909
1153,1221	1188,1253	1110,1341	1080,1300
702,2476	658,2498	608,2390	656,2378
1282,1718	1283,1766	1165,1769	1175,1718
3279,614	3320,644	3249,738	3215,699
3068,1547	3025,1566	2973,1459	3021,1447
2679,1327	2705,1287	2808,1348	2773,1384
3122,2323	3145,2280	3250,2334	3219,2372
1846,1182	1891,1196	1858,1311	1815,1284
306,1458	346,1485	280,1585	246,1550
1123,801	1076,813	1046,696	1096,695
1858,2172	1848,2220	1730,2194	1751,2148
2666,2237	2680,2283	2568,2319	2564,2269
1958,2516	1972,2562	1860,2598	1856,2548
2239,1319	2289,1319	2286,1439	2237,1428
3017,2388	2970,2400	2940,2283	2990,2282
1149,2258	1105,2282	1044,2178	1094,2163
3861,424	3870,471	3752,493	3755,445
2413,2511	2389,2469	2493,2411	2507,2458
738,2328	778,2355	712,2455	678,2420
2797,2102	2794,2052	2913,2049	2904,2098
2070,2351	2067,2400	1946,2393	1959,2344
3170,934	3217,941	3198,1059	3153,1040
1405,755	1455,755	1452,875	1403,864
2001,2135	2003,2085	2123,2088	2111,2137
1713,2027	1761,2021	1778,2138	1728,2133
