2385,2640	2415,2602	2493,2665	2464,2704
1776,1259	1720,1267	1709,1169	1761,1161
2206,1365	2242,1330	2311,1404	2275,1439
3132,1160	3109,1118	3196,1076	3217,1119
2363,2544	2340,2499	2429,2458	2451,2499
2214,704	2172,729	2124,646	2163,622
2052,2501	2037,2457	2135,2431	2150,2476
703,2292	738,2256	810,2327	777,2363
337,308	364,266	447,322	420,364
2332,800	2279,796	2291,697	2342,700
1686,2648	1665,2603	1757,2569	1778,2609
2271,339	2254,290	2351,262	2366,310
2319,1761	2317,1712	2416,1708	2418,1759
550,756	544,706	643,692	650,742
3260,2967	3218,2992	3170,2909	3209,2885
3030,1729	3012,1685	3104,1650	3123,1695
3341,1732	3293,1749	3259,1658	3306,1640
861,2596	808,2596	810,2499	863,2500
2289,2489	2241,2502	2217,2401	2263,2388
3520,2879	3472,2896	3438,2805	3485,2787
3084,1300	3036,1317	3002,1226	3049,1208
968,2935	917,2947	899,2849	950,2839
3994,719	4026,754	3947,817	3916,782
3695,1316	3645,1312	3653,1215	3703,1218
3718,679	3698,632	3788,598	3807,647
368,2846	362,2796	461,2782	468,2832
3065,289	3042,244	3131,203	3153,244
3658,1715	3635,1673	3722,1631	3743,1674
979,2047	929,2050	926,1951	974,1950
720,2590	669,2602	651,2504	702,2494
1972,2146	2008,2111	2077,2185	2041,2220
1862,2015	1844,1971	1936,1936	1955,1981
3086,1610	3038,1617	3026,1515	3072,1512
2564,2265	2511,2261	2523,2162	2574,2165
780,953	757,908	846,867	868,908
3902,2495	3932,2457	4010,2520	3981,2559
2421,1562	2403,1518	2495,1483	2514,1528
1380,1776	1339,1804	1284,1723	1323,1696
1433,2424	1385,2441	1351,2350	1398,2332
3414,1059	3364,1062	3361,963	3409,962
1232,2515	1226,2465	1325,2451	1332,2501
523,2237	481,2248	461,2155	501,2143
3727,1879	3681,1904	3638,1815	3685,1792
3877,487	3854,445	3941,403	3962,446
1167,531	1125,542	1105,449	1145,437
3899,392	3851,405	3827,304	3873,291
2085,2682	2121,2647	2190,2721	2154,2756
276,2341	223,2337	235,2238	286,2241
732,1704	684,1717	660,1616	706,1603
882,2161	831,2173	813,2075	864,2065
1061,2435	1046,2391	1144,2365	1159,2410
2448,2873	2476,2914	2391,2963	2361,2926
1416,677	1360,685	1349,587	1401,579
2720,2572	2700,2525	2790,2491	2809,2540
858,1371	837,1326	929,1292	950,1332
3879,1902	3911,1937	3832,2000	3801,1965
1768,788	1795,746	1878,802	1851,844
2914,491	2861,491	2863,394	2916,395
3423,1339	3377,1364	3334,1275	3381,1252
3881,2122	3909,2163	3824,2212	3794,2175
3392,1972	3427,1936	3499,2007	3466,2043
1090,1456	1040,1459	1037,1360	1085,1359
2814,2918	2764,2921	2761,2822	2809,2821
1194,2244	1141,2244	1143,2147	1196,2148
2001,376	1975,332	2062,285	2088,329
2671,1784	2645,1740	2732,1693	2758,1737
1974,1090	1928,1115	1885,1026	1932,1003
1118,416	1070,423	1058,321	1104,318
2094,1990	2129,1954	2201,2025	2168,2061
3293,391	3243,407	3221,310	3269,297
2789,1411	2772,1362	2869,1334	2884,1382
3311,2384	3293,2340	3385,2305	3404,2350
1725,1707	1704,1662	1796,1628	1817,1668
1755,2188	1729,2144	1816,2097	1842,2141
3047,2965	2999,2982	2965,2891	3012,2873
1272,695	1300,736	1215,785	1185,748
3280,629	3316,594	3385,668	3349,703
2010,819	2046,784	2115,858	2078,894
728,1276	687,1304	632,1223	671,1196
928,687	905,645	992,603	1013,646
843,1816	820,1774	907,1732	928,1775
1474,2743	1504,2704	1581,2770	1551,2808
2122,1170	2158,1135	2227,1209	2190,1245
2454,950	2431,905	2520,864	2542,905
476,2572	432,2590	394,2492	439,2475
1407,825	1442,789	1514,860	1481,896
2217,1886	2199,1842	2291,1807	2310,1852
2890,596	2920,558	2998,621	2969,660
2620,1290	2656,1255	2725,1329	2688,1365
3094,2514	3044,2517	3041,2418	3089,2417
326,1304	280,1329	237,1240	284,1217
3337,2670	3284,2666	3296,2567	3347,2570
221,1840	206,1796	304,1770	319,1815
2227,2144	2206,2099	2298,2065	2319,2105
1585,1469	1537,1486	1503,1395	1550,1377
3235,2056	3185,2059	3182,1960	3230,1959
2217,2360	2169,2367	2157,2265	2203,2262
1124,1048	1152,1089	1067,1138	1037,1101
542,1143	519,1098	608,1057	630,1098
3591,2423	3541,2439	3519,2342	3567,2329
2656,1219	2608,1236	2574,1145	2621,1127
2866,1675	2840,1631	2927,1584	2953,1628
1388,1207	1373,1163	1471,1137	1486,1182
3551,1442	3533,1398	3625,1363	3644,1408
1974,2918	1972,2869	2071,2865	2073,2916
1121,1240	1098,1198	1185,1156	1206,1199
1596,773	1628,808	1549,871	1518,836
1681,567	1679,518	1778,514	1780,565
2827,1082	2807,1035	2897,1001	2916,1050
3558,808	3516,819	3496,726	3536,714
2644,1952	2629,1908	2727,1882	2742,1927
278,840	314,805	383,879	347,914
3336,2211	3286,2207	3294,2110	3344,2113
2735,2188	2762,2146	2845,2202	2818,2244
2738,1010	2688,1013	2685,914	2733,913
2405,579	2432,537	2515,593	2488,635
1827,2359	1810,2310	1907,2282	1922,2330
2972,2101	2999,2059	3082,2115	3055,2157
1649,1021	1632,972	1729,944	1744,992
2217,2658	2171,2683	2128,2594	2175,2571
2433,2117	2380,2117	2382,2020	2435,2021
586,938	538,945	526,843	572,840
2593,2471	2545,2484	2521,2383	2567,2370
3588,1179	3616,1220	3531,1269	3501,1232
3998,1811	3957,1839	3902,1758	3941,1731
2734,534	2681,534	2683,437	2736,438
2521,1900	2465,1908	2454,1810	2506,1802
2507,1974	2489,1930	2581,1895	2600,1940
3215,1859	3197,1815	3289,1780	3308,1825
1190,1548	1225,1512	1297,1583	1264,1619
3012,2649	2994,2605	3086,2570	3105,2615
366,713	349,664	446,636	461,684
2845,2039	2789,2047	2778,1949	2830,1941
2458,1312	2488,1274	2566,1337	2537,1376
2196,3005	2155,3033	2100,2952	2139,2925
2034,1344	1988,1369	1945,1280	1992,1257
1472,1985	1449,1940	1538,1899	1560,1940
3971,1514	3921,1530	3899,1433	3947,1420
2892,881	2922,843	3000,906	2971,945
1935,1773	1885,1776	1882,1677	1930,1676
3321,1800	3298,1758	3385,1716	3406,1759
1494,2221	1530,2186	1599,2260	1563,2295
2642,2837	2594,2854	2560,2763	2607,2745
3958,1173	3905,1169	3917,1070	3968,1073
1042,857	994,870	970,769	1016,756
797,1057	825,1098	740,1147	710,1110
989,2583	936,2579	948,2480	999,2483
1188,1061	1171,1012	1268,984	1283,1032
3044,836	3027,787	3124,759	3139,807
1671,1985	1645,1941	1732,1894	1758,1938
275,2682	254,2637	346,2603	367,2643
1802,2584	1779,2539	1868,2498	1890,2539
2661,1560	2689,1520	2770,1581	2742,1620
1187,1358	1185,1309	1284,1305	1286,1356
2413,2324	2360,2324	2362,2227	2415,2228
543,1322	525,1278	617,1243	636,1288
1873,1432	1855,1388	1947,1353	1966,1398
1633,2175	1587,2200	1544,2111	1591,2088
2748,733	2707,761	2652,680	2691,653
903,1175	847,1183	836,1085	888,1077
680,371	632,378	620,276	666,273
1412,1489	1364,1496	1352,1394	1398,1391
3130,2200	3080,2196	3088,2099	3138,2102
1642,2258	1669,2216	1752,2272	1725,2314
3345,1467	3322,1425	3409,1383	3430,1426
1365,2722	1323,2747	1275,2664	1314,2640
1099,1837	1126,1795	1209,1851	1182,1893
3143,1679	3125,1635	3217,1600	3236,1645
2314,548	2273,576	2218,495	2257,468
2244,1690	2191,1686	2203,1587	2254,1590
1460,2530	1434,2486	1521,2439	1547,2483
2870,2355	2817,2351	2829,2252	2880,2255
1086,2747	1114,2788	1029,2837	999,2800
3711,2571	3741,2533	3819,2596	3790,2635
987,1729	964,1684	1053,1643	1075,1684
1575,713	1522,713	1524,616	1577,617
3100,690	3079,645	3171,611	3192,651
2009,1481	2044,1445	2116,1516	2083,1552
2346,1045	2290,1053	2279,955	2331,947
421,1881	373,1898	339,1807	386,1789
1947,613	1924,568	2013,527	2035,568
3073,2354	3055,2310	3147,2275	3166,2320
2917,1462	2911,1412	3010,1398	3017,1448
2839,1598	2789,1601	2786,1502	2834,1501
3546,2171	3498,2178	3486,2076	3532,2073
3884,2043	3863,1998	3955,1964	3976,2004
1665,1654	1617,1671	1583,1580	1630,1562
2314,1264	2350,1229	2419,1303	2383,1338
2023,723	2002,678	2094,644	2115,684
1602,2397	1630,2357	1711,2418	1683,2457
3047,1932	2997,1948	2975,1851	3023,1838
291,1528	238,1528	240,1431	293,1432
1040,2245	1070,2206	1147,2272	1117,2310
3000,1006	3036,971	3105,1045	3068,1081
1821,2975	1765,2983	1754,2885	1806,2877
1361,2268	1313,2285	1279,2194	1326,2176
3330,1169	3277,1165	3289,1066	3340,1069
861,406	815,431	772,342	819,319
661,691	611,687	619,590	669,593
409,2360	403,2310	502,2296	509,2346
444,1489	388,1497	377,1399	429,1391
1677,2873	1705,2914	1620,2963	1590,2926
1510,1638	1464,1663	1421,1574	1468,1551
3851,2666	3878,2624	3961,2680	3934,2722
3926,1040	3884,1065	3836,982	3875,958
616,2111	560,2119	549,2021	601,2013
2543,661	2515,627	2595,571	2623,606
868,1730	815,1726	827,1627	878,1630
904,2373	854,2376	851,2277	899,2276
1617,1748	1599,1704	1691,1669	1710,1714
3761,410	3713,423	3689,322	3735,309
1285,1963	1320,1927	1392,1998	1359,2034
1781,1319	1813,1354	1734,1417	1703,1382
782,746	780,697	879,693	881,744
3526,614	3509,565	3606,537	3621,585
3582,2312	3538,2330	3500,2232	3545,2215
3461,1587	3444,1538	3541,1510	3556,1558
3509,2674	3483,2630	3570,2583	3596,2627
721,1930	751,1891	828,1957	798,1995
1021,2114	998,2072	1085,2030	1106,2073
3363,847	3345,803	3437,768	3456,813
950,1290	897,1286	909,1187	960,1190
3625,1712	3657,1747	3578,1810	3547,1775
1178,2900	1163,2856	1261,2830	1276,2875
1734,2464	1711,2422	1798,2380	1819,2423
3072,2058	3030,2069	3010,1976	3050,1964
2324,1145	2298,1101	2385,1054	2411,1098
2200,1011	2144,1019	2133,921	2185,913
3424,624	3374,620	3382,523	3432,526
270,2015	247,1970	336,1929	358,1970
2558,1162	2590,1197	2511,1260	2480,1225
2438,2833	2415,2788	2504,2747	2526,2788
365,1028	342,986	429,944	450,987
3326,1476	3354,1517	3269,1566	3239,1529
2833,2472	2780,2472	2782,2375	2835,2376
664,1808	641,1763	730,1722	752,1763
1092,596	1120,556	1201,617	1173,656
1603,1298	1555,1311	1531,1210	1577,1197
606,2223	642,2188	711,2262	674,2298
2900,2541	2883,2492	2980,2464	2995,2512
2624,843	2583,871	2528,790	2567,763
3537,1926	3489,1943	3455,1852	3502,1834
2885,1266	2844,1294	2789,1213	2828,1186
1295,435	1242,435	1244,338	1297,339
3241,861	3193,878	3159,787	3206,769
1986,1856	2022,1821	2091,1895	2055,1930
2608,1094	2564,1112	2526,1014	2571,997
868,1509	862,1459	961,1445	968,1495
427,613	371,621	360,523	412,515
3245,942	3228,893	3325,865	3340,913
1515,1062	1473,1087	1425,1004	1464,980
2820,792	2799,747	2891,713	2912,753
1786,1554	1763,1512	1850,1470	1871,1513
1479,2179	1437,2190	1417,2097	1457,2085
3223,1290	3200,1245	3289,1204	3311,1245
1807,463	1792,419	1890,393	1905,438
1978,2373	1955,2331	2042,2289	2063,2332
1094,1585	1038,1593	1027,1495	1079,1487
1353,1016	1311,1041	1263,958	1302,934
711,1490	665,1515	622,1426	669,1403
1484,1704	1520,1669	1589,1743	1552,1779
567,1563	547,1516	637,1482	656,1531
1675,924	1631,942	1593,844	1638,827
2355,2406	2334,2361	2426,2327	2447,2367
1264,1717	1296,1752	1217,1815	1186,1780
1129,2065	1103,2021	1190,1974	1216,2018
3364,2501	3346,2457	3438,2422	3457,2467
1844,895	1874,856	1951,922	1921,960
1894,1355	1846,1372	1812,1281	1859,1263
1147,993	1097,996	1094,897	1142,896
2079,1767	2114,1731	2186,1802	2153,1838
2432,1710	2411,1665	2503,1631	2524,1671
2625,1511	2572,1511	2574,1414	2627,1415
1267,2416	1217,2419	1214,2320	1262,2319
2063,1731	2007,1739	1996,1641	2048,1633
2150,839	2144,789	2243,775	2250,825
1963,714	1991,755	1906,804	1876,767
3512,1018	3492,971	3582,937	3601,986
1976,1229	1925,1241	1907,1143	1958,1133
2681,2057	2708,2015	2791,2071	2764,2113
282,1153	240,1178	192,1095	231,1071
1951,2550	1934,2501	2031,2473	2046,2521
3494,280	3444,296	3422,199	3470,186
833,663	789,681	751,583	796,566
3145,1010	3104,1038	3049,957	3088,930
3751,1463	3733,1419	3825,1384	3844,1429
2326,916	2273,916	2275,819	2328,820
590,1744	540,1760	518,1663	566,1650
1293,892	1245,899	1233,797	1279,794
3093,1434	3037,1442	3026,1344	3078,1336
2362,1495	2312,1491	2320,1394	2370,1397
315,1696	262,1696	264,1599	317,1600
1385,1135	1337,1148	1313,1047	1359,1034
3166,2540	3194,2500	3275,2561	3247,2600
2514,2546	2541,2504	2624,2560	2597,2602
3185,2270	3183,2221	3282,2217	3284,2268
1849,1946	1808,1974	1753,1893	1792,1866
1210,2541	1238,2582	1153,2631	1123,2594
