719,2216	675,2234	637,2136	682,2119
475,851	424,863	406,765	457,755
2613,967	2649,932	2718,1006	2681,1042
1028,3026	984,3044	946,2946	991,2929
2262,2287	2214,2304	2180,2213	2227,2195
3805,318	3840,282	3912,353	3879,389
563,1058	522,1086	467,1005	506,978
3431,1141	3414,1092	3511,1064	3526,1112
2875,789	2824,801	2806,703	2857,693
2353,2397	2305,2410	2281,2309	2327,2296
3982,2005	3938,2023	3900,1925	3945,1908
1864,1503	1813,1515	1795,1417	1846,1407
1481,476	1433,493	1399,402	1446,384
2734,1875	2678,1883	2667,1785	2719,1777
2480,2337	2510,2299	2588,2362	2559,2401
1596,1876	1554,1901	1506,1818	1545,1794
2094,2503	2121,2461	2204,2517	2177,2559
1117,808	1097,761	1187,727	1206,776
389,1105	419,1066	496,1132	466,1170
2496,1560	2528,1595	2449,1658	2418,1623
3277,1429	3254,1384	3343,1343	3365,1384
1812,2145	1840,2186	1755,2235	1725,2198
2705,712	2654,724	2636,626	2687,616
295,2673	280,2629	378,2603	393,2648
3835,2162	3865,2123	3942,2189	3912,2227
1003,1359	1038,1323	1110,1394	1077,1430
936,1099	892,1117	854,1019	899,1002
2263,621	2242,576	2334,542	2355,582
1293,1391	1245,1404	1221,1303	1267,1290
3468,1574	3427,1602	3372,1521	3411,1494
1198,2998	1150,3005	1138,2903	1184,2900
1277,815	1257,768	1347,734	1366,783
2638,2794	2617,2749	2709,2715	2730,2755
3203,1441	3162,1469	3107,1388	3146,1361
572,1609	554,1565	646,1530	665,1575
838,1401	797,1429	742,1348	781,1321
3256,894	3210,919	3167,830	3214,807
3634,313	3664,275	3742,338	3713,377
3533,2233	3505,2199	3585,2143	3613,2178
1080,1729	1027,1725	1039,1626	1090,1629
851,2836	881,2797	958,2863	928,2901
3013,2443	2993,2396	3083,2362	3102,2411
3064,2879	3094,2840	3171,2906	3141,2944
1946,1321	1890,1329	1879,1231	1931,1223
1687,1533	1646,1561	1591,1480	1630,1453
2830,2888	2866,2853	2935,2927	2899,2962
1825,529	1777,542	1753,441	1799,428
2720,1747	2670,1763	2648,1666	2696,1653
2255,1727	2209,1752	2166,1663	2213,1640
3759,987	3715,1005	3677,907	3722,890
1878,804	1872,754	1971,740	1978,790
3282,2084	3232,2080	3240,1983	3290,1986
1347,1445	1383,1410	1452,1484	1416,1519
2036,2319	2072,2284	2141,2358	2105,2393
3011,2229	2963,2236	2951,2134	2997,2131
3500,2381	3527,2339	3610,2395	3583,2437
1918,1133	1946,1174	1861,1223	1831,1186
2195,786	2177,742	2269,707	2288,752
767,1872	797,1834	875,1897	846,1936
1310,1120	1259,1132	1241,1034	1292,1024
2831,1310	2789,1335	2741,1252	2780,1228
1542,2668	1574,2703	1495,2766	1464,2731
1248,491	1220,457	1300,401	1328,436
3476,2912	3474,2863	3573,2859	3575,2910
3318,341	3290,307	3370,251	3398,286
3570,1432	3597,1390	3680,1446	3653,1488
1625,1240	1652,1198	1735,1254	1708,1296
2205,1853	2235,1815	2313,1878	2284,1917
3374,1838	3333,1866	3278,1785	3317,1758
2066,1327	2049,1278	2146,1250	2161,1298
591,2784	538,2780	550,2681	601,2684
3784,1786	3731,1782	3743,1683	3794,1686
2303,403	2338,367	2410,438	2377,474
2801,2160	2751,2156	2759,2059	2809,2062
3300,2847	3254,2872	3211,2783	3258,2760
3345,2169	3328,2120	3425,2092	3440,2140
3760,1263	3754,1213	3853,1199	3860,1249
783,325	760,280	849,239	871,280
1214,989	1168,1014	1125,925	1172,902
3824,2764	3809,2720	3907,2694	3922,2739
897,591	871,547	958,500	984,544
2121,998	2101,951	2191,917	2210,966
1283,2513	1311,2473	1392,2534	1364,2573
350,1662	306,1680	268,1582	313,1565
1351,1980	1378,1938	1461,1994	1434,2036
1909,2237	1945,2202	2014,2276	1978,2311
797,2040	833,2005	902,2079	866,2114
3145,2544	3122,2499	3211,2458	3233,2499
3401,949	3381,902	3471,868	3490,917
1819,1651	1802,1602	1899,1574	1914,1622
675,2514	703,2555	618,2604	588,2567
764,2657	741,2615	828,2573	849,2616
3021,876	3048,834	3131,890	3104,932
3417,2587	3375,2612	3327,2529	3366,2505
1164,1534	1199,1498	1271,1569	1238,1605
1551,2416	1534,2367	1631,2339	1646,2387
1087,1911	1064,1866	1153,1825	1175,1866
342,2879	374,2914	295,2977	264,2942
973,795	927,820	884,731	931,708
2897,2261	2924,2219	3007,2275	2980,2317
1679,1834	1673,1784	1772,1770	1779,1820
2082,2019	2032,2022	2029,1923	2077,1922
3090,1229	3040,1245	3018,1148	3066,1135
2751,2610	2703,2627	2669,2536	2716,2518
2357,828	2331,784	2418,737	2444,781
1514,2928	1550,2893	1619,2967	1582,3003
3328,1197	3364,1162	3433,1236	3397,1271
674,819	618,827	607,729	659,721
925,2553	877,2570	843,2479	890,2461
3548,637	3506,662	3458,579	3497,555
2489,2589	2436,2585	2448,2486	2499,2489
2962,1947	2914,1964	2880,1873	2927,1855
515,1440	487,1406	567,1350	595,1385
641,546	669,506	750,567	722,606
843,1059	875,1094	796,1157	765,1122
950,1528	985,1492	1057,1563	1024,1599
1891,2542	1876,2498	1974,2472	1989,2517
3667,616	3697,578	3775,641	3746,680
2276,1119	2306,1080	2383,1146	2353,1184
2302,1451	2252,1454	2249,1355	2297,1354
683,1792	637,1817	594,1728	641,1705
1645,659	1597,676	1563,585	1610,567
639,2387	619,2340	709,2306	728,2355
3663,2791	3693,2752	3770,2818	3740,2856
1119,2654	1155,2619	1224,2693	1188,2728
2410,1784	2390,1737	2480,1703	2499,1752
1832,2892	1864,2927	1785,2990	1754,2955
941,2388	915,2344	1002,2297	1028,2341
911,983	861,999	839,902	887,889
3891,1744	3918,1702	4001,1758	3974,1800
2542,1525	2501,1553	2446,1472	2485,1445
1076,624	1056,577	1146,543	1165,592
1098,2080	1072,2036	1159,1989	1185,2033
3549,1934	3581,1969	3502,2032	3471,1997
3904,1568	3856,1575	3844,1473	3890,1470
1004,2530	998,2480	1097,2466	1104,2516
3062,2800	3090,2841	3005,2890	2975,2853
1701,804	1651,820	1629,723	1677,710
3401,777	3395,727	3494,713	3501,763
3812,2668	3759,2664	3771,2565	3822,2568
2952,1693	2984,1728	2905,1791	2874,1756
2208,2118	2160,2135	2126,2044	2173,2026
1528,837	1526,788	1625,784	1627,835
3360,610	3387,568	3470,624	3443,666
3060,1711	3004,1719	2993,1621	3045,1613
3005,1510	2999,1460	3098,1446	3105,1496
1737,1998	1765,2039	1680,2088	1650,2051
3440,1711	3417,1666	3506,1625	3528,1666
2725,1930	2753,1890	2834,1951	2806,1990
1370,1679	1347,1634	1436,1593	1458,1634
2401,978	2431,939	2508,1005	2478,1043
453,315	403,311	411,214	461,217
1368,2341	1398,2303	1476,2366	1447,2405
2543,622	2575,657	2496,720	2465,685
2681,1522	2631,1538	2609,1441	2657,1428
3161,1935	3108,1935	3110,1838	3163,1839
2747,2303	2782,2267	2854,2338	2821,2374
1803,2446	1761,2471	1713,2388	1752,2364
3337,2339	3367,2300	3444,2366	3414,2404
1410,605	1440,566	1517,632	1487,670
2021,1724	2006,1680	2104,1654	2119,1699
3039,2046	3022,1997	3119,1969	3134,2017
1422,1306	1374,1313	1362,1211	1408,1208
2042,1514	2078,1479	2147,1553	2110,1589
2677,1402	2629,1419	2595,1328	2642,1310
1682,1026	1717,990	1789,1061	1756,1097
1089,1255	1119,1217	1197,1280	1168,1319
1638,2215	1673,2179	1745,2250	1712,2286
716,2503	693,2461	780,2419	801,2462
1171,2434	1201,2395	1278,2461	1248,2499
618,994	603,950	701,924	716,969
325,967	361,932	430,1006	393,1042
2908,1496	2866,1521	2818,1438	2857,1414
2868,2523	2815,2523	2817,2426	2870,2427
2454,2132	2452,2083	2551,2079	2553,2130
1241,1925	1218,1883	1305,1841	1326,1884
2832,1028	2782,1044	2760,947	2808,934
3007,790	2959,797	2947,695	2993,692
2515,891	2509,841	2608,827	2615,877
1946,2062	1973,2020	2056,2076	2029,2118
998,2252	977,2207	1069,2173	1090,2213
2276,2596	2303,2554	2386,2610	2359,2652
709,1256	661,1273	627,1182	674,1164
968,1830	924,1848	886,1750	931,1733
1487,1058	1434,1054	1446,955	1497,958
2054,819	2003,831	1985,733	2036,723
1543,1365	1570,1323	1653,1379	1626,1421
2158,669	2117,697	2062,616	2101,589
513,2990	467,3015	424,2926	471,2903
1766,2013	1751,1969	1849,1943	1864,1988
841,2355	791,2371	769,2274	817,2261
2526,1182	2478,1199	2444,1108	2491,1090
3028,480	3064,445	3133,519	3097,554
921,2030	871,2026	879,1929	929,1932
3533,977	3560,935	3643,991	3616,1033
597,2058	549,2075	515,1984	562,1966
1933,1832	1960,1790	2043,1846	2016,1888
3255,1129	3232,1084	3321,1043	3343,1084
1572,1597	1602,1559	1680,1622	1651,1661
2755,1566	2727,1532	2807,1476	2835,1511
236,882	230,832	329,818	336,868
3489,1358	3439,1374	3417,1277	3465,1264
2986,1346	2938,1363	2904,1272	2951,1254
2012,884	2047,848	2119,919	2086,955
2080,401	2060,354	2150,320	2169,369
843,1274	790,1270	802,1171	853,1174
750,1663	708,1674	688,1581	728,1569
2332,1883	2314,1839	2406,1804	2425,1849
1474,2229	1418,2237	1407,2139	1459,2131
2470,1896	2497,1854	2580,1910	2553,1952
746,614	773,572	856,628	829,670
1043,1096	1023,1049	1113,1015	1132,1064
3061,1034	3089,1075	3004,1124	2974,1087
1528,1161	1505,1119	1592,1077	1613,1120
691,415	665,371	752,324	778,368
3228,2259	3175,2255	3187,2156	3238,2159
1319,2193	1269,2209	1247,2112	1295,2099
3227,1627	3174,1627	3176,1530	3229,1531
2545,1317	2495,1320	2492,1221	2540,1220
1884,255	1920,220	1989,294	1952,330
3209,393	3167,418	3119,335	3158,311
2672,871	2616,879	2605,781	2657,773
3674,2422	3701,2380	3784,2436	3757,2478
1473,1987	1452,1942	1544,1908	1565,1948
1186,2281	1138,2294	1114,2193	1160,2180
434,1832	378,1840	367,1742	419,1734
3286,1749	3238,1766	3204,1675	3251,1657
2283,893	2319,858	2388,932	2351,968
647,1463	641,1413	740,1399	747,1449
1877,1026	1831,1051	1788,962	1835,939
3266,588	3298,623	3219,686	3188,651
3772,2349	3730,2374	3682,2291	3721,2267
1558,781	1505,781	1507,684	1560,685
1170,373	1122,386	1098,285	1144,272
1964,646	1916,663	1882,572	1929,554
3602,1869	3561,1897	3506,1816	3545,1789
2627,2298	2574,2298	2576,2201	2629,2202
1396,1886	1346,1882	1354,1785	1404,1788
1667,894	1639,860	1719,804	1747,839
800,1506	772,1472	852,1416	880,1451
1657,2527	1689,2562	1610,2625	1579,2590
3188,1313	3142,1338	3099,1249	3146,1226
1985,1461	1932,1457	1944,1358	1995,1361
2679,1189	2635,1207	2597,1109	2642,1092
1945,485	1894,497	1876,399	1927,389
3220,996	3197,951	3286,910	3308,951
3140,1812	3087,1812	3089,1715	3142,1716
2121,1210	2071,1213	2068,1114	2116,1113
1807,688	1761,713	1718,624	1765,601
2670,2180	2620,2176	2628,2079	2678,2082
2679,2431	2711,2466	2632,2529	2601,2494
436,2777	463,2735	546,2791	519,2833
631,1931	583,1948	549,1857	596,1839
3766,591	3749,542	3846,514	3861,562
2324,2469	2352,2510	2267,2559	2237,2522
1015,963	995,916	1085,882	1104,931
1792,1360	1741,1372	1723,1274	1774,1264
1238,1630	1265,1588	1348,1644	1321,1686
2914,1206	2864,1202	2872,1105	2922,1108
1699,2548	1678,2503	1770,2469	1791,2509
2125,1454	2105,1407	2195,1373	2214,1422
2378,2267	2328,2270	2325,2171	2373,2170
1255,639	1238,590	1335,562	1350,610
3573,2633	3601,2674	3516,2723	3486,2686
3247,2329	3275,2370	3190,2419	3160,2382
949,1180	947,1131	1046,1127	1048,1178
1684,1640	1714,1602	1792,1665	1763,1704
