2644,1838	2590,1859	2546,1731	2601,1725
791,789	847,776	872,906	819,907
3116,829	3092,882	2974,817	3010,775
3129,1244	3184,1268	3121,1387	3079,1354
3749,1186	3777,1133	3891,1202	3854,1240
707,2534	677,2482	797,2422	811,2472
2377,1438	2431,1438	2421,1570	2376,1556
3412,449	3445,495	3334,565	3316,519
2633,1010	2624,1066	2495,1032	2517,987
2399,2373	2404,2320	2535,2341	2517,2386
1823,2255	1820,2312	1684,2295	1702,2246
3162,652	3218,661	3184,791	3141,771
674,2124	650,2177	532,2112	568,2070
3652,2781	3647,2726	3779,2719	3770,2769
2929,2307	2974,2339	2893,2442	2859,2402
981,2077	922,2072	941,1940	990,1958
2999,2812	3047,2842	2973,2952	2938,2914
575,2544	604,2592	488,2651	474,2603
753,314	725,366	613,295	648,256
3954,2452	3987,2498	3876,2568	3858,2522
582,1961	530,1988	475,1867	527,1854
1767,1666	1821,1682	1775,1807	1733,1780
455,862	431,915	313,850	349,808
2735,803	2755,856	2629,894	2624,843
2306,1281	2284,1230	2411,1187	2417,1237
2494,704	2544,729	2480,846	2442,813
3679,853	3705,899	3588,955	3576,909
1826,718	1773,738	1734,612	1787,609
3167,230	3195,177	3309,246	3272,284
592,1336	539,1366	479,1245	531,1231
1050,2703	1105,2690	1130,2819	1080,2819
2233,1669	2179,1662	2201,1533	2249,1551
3423,729	3399,679	3524,631	3533,680
3060,2652	3110,2683	3028,2789	2995,2751
641,621	671,572	783,650	746,684
600,1141	584,1196	458,1147	486,1104
1302,2541	1352,2573	1272,2680	1236,2642
2588,1523	2641,1544	2591,1666	2547,1636
3174,1526	3230,1535	3196,1665	3153,1645
2842,2635	2795,2666	2727,2552	2776,2537
1122,753	1162,720	1237,831	1193,847
1494,340	1464,288	1584,228	1598,278
1161,1104	1171,1161	1037,1181	1040,1129
765,1905	741,1952	626,1889	660,1851
2244,801	2264,854	2138,892	2133,841
2405,2696	2353,2723	2298,2602	2350,2589
2693,537	2636,550	2613,418	2663,420
3494,367	3551,359	3562,492	3512,485
904,2466	850,2459	872,2330	920,2348
3647,533	3697,564	3615,670	3582,632
3585,2429	3610,2482	3482,2530	3474,2481
903,1969	905,2025	772,2020	783,1969
1539,733	1600,734	1588,869	1537,855
1458,1717	1421,1764	1320,1677	1362,1644
868,559	924,546	949,676	896,677
963,1083	943,1133	823,1077	855,1035
1626,2650	1577,2619	1654,2507	1690,2544
2065,755	2012,775	1973,649	2026,646
1770,2624	1823,2608	1852,2736	1803,2738
3301,2574	3298,2631	3162,2614	3180,2565
3039,637	2980,630	3004,496	3054,517
1394,1067	1348,1098	1282,983	1331,969
3165,1982	3194,2030	3078,2089	3064,2041
3255,2353	3235,2403	3115,2347	3147,2305
1225,2117	1200,2171	1081,2106	1117,2063
2964,1988	2910,1964	2972,1846	3014,1878
1126,1940	1074,1967	1019,1846	1071,1833
799,289	777,238	904,195	910,245
1028,1678	1089,1679	1077,1814	1026,1800
534,413	562,360	676,429	639,467
1674,1158	1650,1211	1532,1146	1568,1104
500,2855	526,2903	404,2957	394,2906
3814,2202	3807,2257	3676,2231	3696,2183
3257,3031	3204,3051	3165,2925	3218,2922
3621,1216	3676,1240	3613,1359	3571,1326
1405,1934	1400,1879	1532,1872	1523,1922
1097,736	1044,766	984,645	1036,631
1445,2373	1447,2429	1314,2424	1325,2373
2036,1116	1982,1109	2004,980	2052,998
1852,944	1851,1001	1718,989	1732,941
2372,399	2429,396	2427,529	2376,517
1273,2076	1224,2045	1301,1933	1337,1970
3393,1757	3422,1805	3306,1864	3292,1816
1865,1087	1891,1135	1769,1189	1759,1138
2795,1899	2848,1920	2790,2043	2748,2011
2386,1019	2362,1072	2244,1007	2280,965
2072,257	2120,287	2046,397	2011,359
2450,1987	2500,2019	2417,2126	2384,2088
3613,2205	3554,2198	3578,2064	3628,2085
2194,2722	2242,2752	2168,2862	2133,2824
919,2545	947,2495	1061,2572	1025,2606
429,496	377,467	446,353	486,389
1608,2247	1631,2300	1505,2349	1496,2297
2305,2926	2305,2869	2440,2877	2427,2924
2978,1098	3028,1130	2945,1237	2912,1199
2270,2349	2302,2394	2190,2465	2173,2416
1764,1359	1707,1372	1684,1240	1734,1242
332,2303	358,2351	236,2405	226,2354
3280,2102	3319,2144	3213,2227	3190,2181
566,2869	585,2812	711,2865	682,2908
2840,2206	2781,2199	2805,2065	2855,2086
2267,626	2251,681	2125,632	2153,589
1094,1265	1142,1295	1068,1405	1033,1367
554,2280	529,2334	410,2269	446,2226
2720,1396	2765,1428	2684,1531	2650,1491
3409,2241	3448,2283	3342,2366	3319,2320
2930,1627	2876,1648	2832,1520	2887,1514
1909,2508	1910,2450	2045,2459	2030,2510
3482,1783	3506,1735	3620,1801	3585,1838
2944,1438	2890,1414	2952,1296	2994,1328
2120,2227	2136,2280	2008,2310	2006,2262
1679,2122	1632,2153	1564,2039	1613,2024
2537,1695	2513,1748	2395,1683	2431,1641
369,2144	395,2192	273,2246	263,2195
1575,1390	1625,1421	1543,1527	1510,1489
3428,1521	3467,1563	3361,1646	3338,1600
3597,1121	3569,1073	3689,1014	3701,1063
1969,1997	1917,2024	1862,1903	1914,1890
949,1545	966,1493	1093,1547	1062,1586
1528,922	1512,977	1386,928	1414,885
1207,1355	1262,1379	1199,1498	1157,1465
2262,2005	2216,2036	2150,1921	2199,1907
2885,974	2848,1021	2747,934	2789,901
2607,2130	2565,2089	2666,1998	2693,2041
2443,1750	2493,1781	2411,1887	2378,1849
1584,1634	1638,1650	1592,1775	1550,1748
2078,2631	2123,2664	2037,2764	2007,2724
3410,1095	3386,1142	3271,1079	3305,1041
3367,629	3366,686	3233,674	3247,626
3361,2682	3350,2628	3480,2611	3476,2660
1039,809	1075,854	963,931	945,885
2115,2101	2099,2156	1973,2107	2001,2064
921,2910	923,2966	790,2961	801,2910
1850,2066	1906,2053	1931,2183	1878,2184
2769,1252	2817,1282	2743,1392	2708,1354
2288,1737	2314,1785	2192,1839	2182,1788
1117,2227	1172,2251	1109,2370	1067,2337
1703,1488	1743,1455	1818,1566	1774,1582
3475,911	3479,965	3348,967	3357,916
3454,2459	3470,2512	3342,2542	3340,2494
2204,1211	2151,1237	2099,1113	2153,1101
2122,2951	2139,2899	2266,2953	2235,2992
1329,691	1309,741	1189,685	1221,643
2123,875	2149,921	2032,977	2020,931
1445,1556	1388,1569	1365,1437	1415,1439
3345,2162	3317,2114	3437,2055	3449,2104
1484,2678	1541,2670	1552,2803	1502,2796
2713,2641	2701,2698	2571,2660	2596,2613
1231,2468	1179,2495	1124,2374	1176,2361
3079,965	3088,909	3218,938	3198,984
1282,2185	1306,2137	1420,2203	1385,2240
1660,550	1708,581	1625,687	1592,648
650,1512	645,1457	777,1450	768,1500
2069,1683	2023,1714	1957,1599	2006,1585
619,1080	577,1039	678,948	705,991
1440,1293	1416,1346	1298,1281	1334,1239
454,1841	445,1897	316,1863	338,1818
2455,2598	2411,2559	2507,2464	2537,2509
2556,1406	2536,1456	2416,1400	2448,1358
3832,270	3833,212	3968,221	3953,272
929,2199	877,2226	822,2105	874,2092
3380,1251	3436,1238	3461,1368	3408,1369
3571,1452	3603,1497	3491,1568	3474,1519
2302,2281	2244,2274	2268,2138	2316,2158
3998,2148	4039,2185	3947,2279	3919,2236
3352,1911	3406,1911	3396,2043	3351,2029
710,1147	756,1183	666,1281	635,1239
591,828	533,820	558,690	607,710
3308,748	3362,764	3316,889	3274,862
3077,2524	3035,2483	3136,2392	3163,2435
3680,1884	3650,1832	3770,1772	3784,1822
3620,1979	3604,2034	3478,1985	3506,1942
859,1144	915,1153	881,1283	838,1263
2764,2272	2756,2331	2623,2301	2644,2253
1694,2801	1748,2801	1738,2933	1693,2919
2916,2197	2916,2140	3051,2148	3038,2195
2031,1373	2087,1382	2053,1512	2010,1492
1156,1593	1173,1541	1300,1595	1269,1634
2799,1057	2844,1090	2758,1190	2728,1150
1156,983	1128,1035	1016,964	1051,925
3241,1767	3232,1823	3103,1789	3125,1744
3180,1042	3237,1034	3248,1167	3198,1160
2756,627	2763,684	2628,689	2637,638
1717,750	1749,795	1637,866	1620,817
2966,1740	2979,1682	3110,1724	3083,1770
1827,2407	1805,2356	1932,2313	1938,2363
2013,1854	2008,1799	2140,1792	2131,1842
1342,1786	1392,1811	1328,1928	1290,1895
3910,656	3946,701	3834,778	3816,732
3493,1221	3441,1192	3510,1078	3550,1114
2635,2220	2611,2267	2496,2204	2530,2166
2562,2503	2557,2448	2689,2441	2680,2491
2249,1328	2305,1337	2271,1467	2228,1447
2892,2526	2909,2474	3036,2528	3005,2567
3249,1340	3310,1341	3298,1476	3247,1462
1509,2505	1562,2526	1504,2649	1462,2617
883,1804	846,1851	745,1764	787,1731
1622,2357	1678,2344	1703,2474	1650,2475
2823,1806	2793,1754	2913,1694	2927,1744
3656,373	3665,317	3795,346	3775,392
2888,691	2944,700	2910,830	2867,810
622,1692	650,1642	764,1719	728,1753
1726,1887	1718,1946	1585,1916	1606,1868
2174,2538	2158,2593	2032,2544	2060,2501
1388,765	1429,802	1337,896	1309,853
3674,2302	3720,2338	3630,2436	3599,2394
2624,1209	2601,1261	2484,1202	2516,1160
3659,1513	3683,1465	3797,1531	3762,1568
1976,886	2012,931	1900,1008	1882,962
453,1418	506,1439	456,1561	412,1531
1998,1132	2044,1168	1954,1266	1923,1224
1517,2026	1546,2074	1430,2133	1416,2085
1919,1439	1866,1465	1814,1341	1868,1329
1135,1757	1163,1704	1277,1773	1240,1811
861,1349	863,1405	730,1400	741,1349
2610,1868	2666,1855	2691,1985	2638,1986
1465,1204	1407,1197	1431,1061	1479,1081
312,2592	368,2601	334,2731	291,2711
3969,1652	3956,1706	3825,1669	3848,1625
2436,552	2492,539	2517,669	2464,670
3085,2839	3082,2787	3214,2787	3202,2838
1649,890	1685,935	1573,1012	1555,966
777,2310	726,2335	676,2210	727,2202
3101,1413	3146,1445	3065,1548	3031,1508
1309,1126	1350,1163	1258,1257	1230,1214
1847,749	1901,765	1855,890	1813,863
3042,2213	3051,2157	3181,2186	3161,2232
1476,732	1425,762	1359,643	1411,627
860,1618	836,1665	721,1602	755,1564
3847,2091	3796,2121	3730,2002	3782,1986
655,2437	648,2492	517,2466	537,2418
2849,633	2827,582	2954,539	2960,589
2290,748	2266,698	2391,650	2400,699
570,1676	516,1652	578,1534	620,1566
3563,1717	3504,1712	3523,1580	3572,1598
