3835,567	3778,580	3755,448	3805,450
1405,1504	1418,1446	1549,1488	1522,1534
2294,339	2241,369	2181,248	2233,234
3796,1890	3826,1841	3938,1919	3901,1953
1672,862	1691,805	1817,858	1788,901
552,953	528,1000	413,937	447,899
2304,1308	2358,1308	2348,1440	2303,1426
1919,2138	1919,2081	2054,2089	2041,2136
2260,1988	2236,2041	2118,1976	2154,1934
1116,738	1169,759	1111,882	1069,850
3905,2894	3930,2947	3802,2995	3794,2946
2253,1015	2258,962	2389,983	2371,1028
3305,1033	3247,1025	3272,895	3321,915
2760,2439	2740,2489	2620,2433	2652,2391
2018,678	2002,733	1876,684	1904,641
1676,211	1702,259	1580,313	1570,262
1706,1359	1706,1302	1841,1310	1828,1357
823,1453	842,1506	714,1541	709,1493
1263,2967	1210,2993	1158,2869	1212,2857
3922,1590	3868,1583	3890,1454	3938,1472
1374,2062	1371,2119	1235,2102	1253,2053
1166,1261	1185,1314	1057,1349	1052,1301
3479,1795	3524,1827	3443,1930	3409,1890
4002,1254	4025,1307	3899,1356	3890,1304
637,1431	650,1489	516,1509	519,1455
1978,2879	1969,2935	1840,2901	1862,2856
3478,1049	3531,1032	3565,1159	3511,1162
3646,2495	3691,2527	3610,2630	3576,2590
3438,2352	3468,2303	3580,2381	3543,2415
1290,501	1344,501	1334,633	1289,619
1301,724	1281,781	1158,728	1188,682
3200,2315	3184,2370	3058,2321	3086,2278
1660,2866	1683,2919	1557,2968	1548,2916
3342,2857	3285,2870	3262,2738	3312,2740
2398,1567	2443,1599	2362,1702	2328,1662
866,1385	855,1331	985,1314	981,1363
506,305	529,358	403,407	394,355
3388,2328	3399,2382	3266,2399	3271,2349
675,2037	694,1980	820,2033	791,2076
1660,1000	1637,1052	1520,993	1552,951
1464,2142	1453,2088	1583,2071	1579,2120
2558,2147	2530,2199	2418,2128	2453,2089
3243,1285	3201,1244	3302,1153	3329,1196
1001,1579	943,1571	968,1441	1017,1461
2673,1481	2723,1513	2643,1620	2607,1582
1805,2345	1858,2366	1800,2489	1758,2457
1203,329	1220,277	1347,331	1316,370
1377,1893	1352,1947	1233,1882	1269,1839
394,469	385,525	256,491	278,446
914,2930	890,2983	772,2918	808,2876
1834,1117	1818,1172	1692,1123	1720,1080
1661,1672	1718,1664	1729,1797	1679,1790
2939,1189	2888,1214	2838,1089	2889,1081
2028,1830	1977,1855	1927,1730	1978,1722
2354,1943	2326,1895	2446,1836	2458,1885
2003,1372	2022,1425	1894,1460	1889,1412
538,2924	485,2944	446,2818	499,2815
461,1099	518,1096	516,1229	465,1217
766,664	777,718	644,735	649,685
1171,1592	1227,1579	1252,1709	1199,1710
2029,2657	2053,2609	2167,2675	2132,2712
1477,768	1531,784	1485,909	1443,882
743,1742	684,1737	703,1605	752,1623
2529,1085	2509,1135	2389,1079	2421,1037
2825,2221	2864,2263	2758,2346	2735,2300
3049,807	3007,766	3108,675	3135,718
2157,1578	2128,1530	2244,1468	2259,1518
4020,2541	4031,2595	3898,2612	3903,2562
1196,2662	1236,2629	1311,2740	1267,2756
2424,635	2481,627	2492,760	2442,753
1089,2115	1069,2172	946,2119	976,2073
970,1866	940,1814	1060,1754	1074,1804
2429,2468	2479,2499	2397,2605	2364,2567
3585,1584	3604,1637	3476,1672	3471,1624
2515,478	2469,509	2403,394	2452,380
3994,468	4020,514	3903,570	3891,524
840,893	866,939	749,995	737,949
1156,2140	1206,2165	1142,2282	1104,2249
297,2622	354,2628	330,2759	282,2739
3512,583	3537,636	3409,684	3401,635
2924,1496	2981,1502	2957,1633	2909,1613
3510,1344	3535,1397	3407,1445	3399,1396
2266,563	2279,621	2145,641	2148,587
2359,2720	2335,2767	2220,2704	2254,2666
2775,2566	2770,2511	2902,2504	2893,2554
2476,1430	2506,1381	2618,1459	2581,1493
711,520	708,577	572,560	590,511
2493,1296	2434,1291	2453,1159	2502,1177
2897,2090	2843,2083	2865,1954	2913,1972
431,2297	441,2354	307,2374	310,2322
3743,2785	3767,2737	3881,2803	3846,2840
1649,2290	1626,2342	1509,2283	1541,2241
1218,1882	1205,1936	1074,1899	1097,1855
2590,851	2532,843	2557,713	2606,733
919,2276	967,2306	893,2416	858,2378
2685,1087	2631,1080	2653,951	2701,969
2852,895	2909,892	2907,1025	2856,1013
3275,1319	3336,1320	3324,1455	3273,1441
3389,929	3386,877	3518,877	3506,928
1104,2272	1154,2304	1074,2411	1038,2373
2994,1833	3013,1776	3139,1829	3110,1872
929,506	872,490	916,364	961,389
3316,1594	3344,1544	3458,1621	3422,1655
1390,863	1438,894	1355,1000	1322,961
3204,516	3258,532	3212,657	3170,630
2953,2877	2981,2827	3095,2904	3059,2938
2694,2266	2670,2313	2555,2250	2589,2212
1999,1193	1974,1247	1855,1182	1891,1139
620,1822	639,1875	511,1910	506,1862
874,749	820,742	842,613	890,631
1184,1545	1125,1540	1144,1408	1193,1426
1038,1123	1018,1173	898,1117	930,1075
2650,1972	2659,1916	2789,1945	2769,1991
2907,674	2849,667	2873,531	2921,551
3178,1893	3228,1924	3146,2030	3113,1992
1750,2516	1782,2561	1670,2632	1653,2583
1544,1182	1572,1132	1686,1209	1650,1243
2591,1712	2610,1765	2482,1800	2477,1752
2111,835	2086,889	1967,824	2003,781
1687,1965	1713,2011	1596,2067	1584,2021
1966,542	1919,573	1851,459	1900,444
2772,882	2719,908	2667,784	2721,772
1865,700	1867,756	1734,751	1745,700
3541,2093	3594,2114	3544,2236	3500,2206
1939,2427	1994,2451	1931,2570	1889,2537
1940,2246	1988,2277	1905,2383	1872,2344
343,1541	400,1533	411,1666	361,1659
2390,462	2389,519	2256,507	2270,459
289,696	315,742	198,798	186,752
2892,1758	2912,1811	2786,1849	2781,1798
3402,2495	3401,2552	3268,2540	3282,2492
893,912	863,860	983,800	997,850
682,2144	721,2186	615,2269	592,2223
2990,1234	3045,1221	3070,1350	3020,1350
2565,541	2621,550	2587,680	2544,660
2301,2240	2249,2211	2318,2097	2358,2133
1464,444	1494,395	1606,473	1569,507
2934,1381	2933,1438	2800,1426	2814,1378
395,1314	448,1298	477,1426	428,1428
463,1844	439,1897	321,1832	357,1790
2610,2907	2557,2937	2497,2816	2549,2802
1865,2035	1816,2004	1893,1892	1929,1929
1677,1413	1649,1465	1537,1394	1572,1355
1144,358	1160,411	1032,441	1030,393
2004,2504	2023,2447	2149,2500	2120,2543
3857,945	3857,888	3992,896	3979,943
2434,2411	2376,2404	2400,2268	2448,2288
3071,975	3126,999	3063,1118	3021,1085
3088,1722	3059,1674	3175,1612	3190,1662
2388,808	2433,841	2347,941	2317,901
663,2417	688,2470	560,2518	552,2469
3442,2030	3458,2083	3330,2113	3328,2065
2640,2573	2673,2619	2562,2689	2544,2643
989,2598	932,2582	976,2456	1021,2481
3229,1128	3216,1182	3085,1145	3108,1101
2104,2267	2160,2276	2126,2406	2083,2386
3511,735	3572,736	3560,871	3509,857
2211,2348	2208,2296	2340,2296	2328,2347
209,938	185,888	310,840	319,889
2002,1574	2030,1524	2144,1601	2108,1635
1657,630	1710,651	1652,774	1610,742
3087,2476	3133,2512	3043,2610	3012,2568
1321,1068	1325,1122	1194,1124	1203,1073
1397,2333	1389,2392	1256,2362	1277,2314
2175,2093	2214,2135	2108,2218	2085,2172
1661,2109	1701,2076	1776,2187	1732,2203
321,2136	374,2119	408,2246	354,2249
1448,1224	1399,1193	1476,1081	1512,1118
2945,2287	2942,2235	3074,2235	3062,2286
3619,1972	3664,2005	3578,2105	3548,2065
2789,1277	2773,1332	2647,1283	2675,1240
1534,1860	1482,1887	1427,1766	1479,1753
1446,2359	1503,2356	1501,2489	1450,2477
3212,1564	3161,1594	3095,1475	3147,1459
2264,2551	2206,2544	2230,2408	2278,2428
1964,946	2014,978	1931,1085	1898,1047
834,2405	831,2462	695,2445	713,2396
665,793	688,846	562,895	553,843
3309,617	3362,638	3312,760	3268,730
3371,2619	3387,2672	3259,2702	3257,2654
3333,1718	3326,1773	3195,1747	3215,1699
3669,1018	3723,1018	3713,1150	3668,1136
730,1403	677,1429	625,1305	679,1293
902,1855	901,1912	768,1900	782,1852
1865,1700	1813,1671	1882,1557	1922,1593
1631,1648	1580,1678	1514,1559	1566,1543
754,1053	802,1083	728,1193	693,1155
2181,1710	2238,1702	2249,1835	2199,1828
1119,1020	1068,1045	1018,920	1069,912
2157,1025	2154,1082	2018,1065	2036,1016
912,1706	855,1719	832,1587	882,1589
2763,549	2813,581	2733,688	2697,650
1705,1568	1677,1520	1797,1461	1809,1510
600,2640	626,2686	509,2742	497,2696
1365,1279	1357,1338	1224,1308	1245,1260
3891,2138	3941,2170	3858,2277	3825,2239
2179,1206	2156,1258	2039,1199	2071,1157
3232,857	3175,841	3219,715	3264,740
2159,1466	2106,1492	2054,1368	2108,1356
3272,1934	3230,1893	3331,1802	3358,1845
2535,883	2583,913	2509,1023	2474,985
2196,763	2193,711	2325,711	2313,762
1259,2506	1270,2560	1137,2577	1142,2527
1534,2497	1591,2489	1602,2622	1552,2615
969,1670	969,1613	1104,1621	1091,1668
2281,1152	2335,1152	2325,1284	2280,1270
3820,1107	3868,1138	3785,1244	3752,1205
3122,993	3073,962	3150,850	3186,887
2388,1769	2392,1823	2261,1825	2270,1774
3287,2138	3275,2195	3145,2157	3170,2110
1276,1491	1248,1443	1368,1384	1380,1433
2640,1956	2616,2003	2501,1940	2535,1902
2994,2438	2969,2492	2850,2427	2886,2384
707,2546	743,2591	631,2668	613,2622
1356,1811	1299,1795	1343,1669	1388,1694
1538,571	1577,613	1471,696	1448,650
2155,967	2103,938	2172,824	2212,860
2728,1716	2698,1664	2818,1604	2832,1654
981,645	1005,597	1119,663	1084,700
579,2073	525,2049	587,1931	629,1963
1700,1865	1717,1813	1844,1867	1813,1906
3559,1231	3616,1228	3614,1361	3563,1349
299,1291	322,1344	196,1393	187,1341
2682,1877	2628,1853	2690,1735	2732,1767
1346,2637	1287,2630	1311,2496	1361,2517
848,1206	877,1254	761,1313	747,1265
915,2109	941,2155	824,2211	812,2165
657,982	683,1028	566,1084	554,1038
3090,2106	3115,2159	2987,2207	2979,2158
1939,810	1971,855	1859,926	1842,877
571,1600	627,1587	652,1717	599,1718
3021,790	3067,826	2977,924	2946,882
816,2625	764,2596	833,2482	873,2518
3408,2251	3354,2272	3310,2144	3365,2138
3534,1830	3490,1791	3586,1696	3616,1741
1089,1175	1060,1127	1176,1065	1191,1115
3259,2438	3270,2492	3137,2509	3142,2459
2802,293	2803,235	2938,244	2923,295
2004,1938	1980,1888	2105,1840	2114,1889
2909,811	2856,837	2804,713	2858,701
3219,1329	3216,1386	3080,1369	3098,1320
988,2793	968,2850	845,2797	875,2751
1301,859	1294,914	1163,888	1183,840
2632,1094	2680,1125	2597,1231	2564,1192
1740,471	1794,487	1748,612	1706,585
2733,2100	2735,2156	2602,2151	2613,2100
1518,1338	1506,1395	1376,1357	1401,1310
3619,883	3665,919	3575,1017	3544,975
2982,1663	3032,1688	2968,1805	2930,1772
3911,2460	3891,2517	3768,2464	3798,2418
3053,1382	3101,1413	3018,1519	2985,1480
627,1281	568,1274	592,1140	642,1161
1680,2397	1700,2450	1574,2488	1569,2437
1447,1977	1442,1922	1574,1915	1565,1965
2861,2218	2831,2166	2951,2106	2965,2156
3660,1457	3647,1511	3516,1474	3539,1430
3491,2553	3530,2595	3424,2678	3401,2632
3460,1171	3496,1216	3384,1293	3366,1247
3914,1762	3870,1723	3966,1628	3996,1673
2734,1361	2789,1385	2726,1504	2684,1471
