381,2869	358,2824	447,2783	469,2824
2638,2421	2615,2376	2704,2335	2726,2376
3899,1514	3935,1479	4004,1553	3967,1589
1165,2255	1121,2273	1083,2175	1128,2158
2185,362	2164,317	2256,283	2277,323
968,601	915,601	917,504	970,505
2466,466	2424,477	2404,384	2444,372
769,2916	752,2867	849,2839	864,2887
2033,2661	1980,2661	1982,2564	2035,2565
2020,2287	1972,2294	1960,2192	2006,2189
1819,2415	1802,2366	1899,2338	1914,2386
2108,488	2055,488	2057,391	2110,392
2285,2413	2237,2426	2213,2325	2259,2312
3352,1145	3380,1105	3461,1166	3433,1205
3332,2311	3282,2327	3260,2230	3308,2217
3142,1605	3119,1560	3208,1519	3230,1560
2983,2892	2935,2909	2901,2818	2948,2800
3865,2321	3895,2283	3973,2346	3944,2385
1527,1740	1512,1696	1610,1670	1625,1715
3919,2591	3869,2607	3847,2510	3895,2497
1425,2867	1375,2883	1353,2786	1401,2773
683,2767	630,2767	632,2670	685,2671
2137,1333	2089,1350	2055,1259	2102,1241
765,849	719,874	676,785	723,762
749,2114	734,2070	832,2044	847,2089
2525,2462	2475,2465	2472,2366	2520,2365
3658,2850	3637,2805	3729,2771	3750,2811
2516,1363	2498,1319	2590,1284	2609,1329
2479,999	2431,1016	2397,925	2444,907
2424,2637	2401,2595	2488,2553	2509,2596
1918,1591	1872,1616	1829,1527	1876,1504
1915,320	1865,316	1873,219	1923,222
1436,2601	1386,2617	1364,2520	1412,2507
2026,1124	2003,1082	2090,1040	2111,1083
1625,2368	1660,2332	1732,2403	1699,2439
2768,584	2798,545	2875,611	2845,649
2825,1747	2774,1759	2756,1661	2807,1651
2835,2151	2779,2159	2768,2061	2820,2053
1179,2501	1156,2459	1243,2417	1264,2460
1322,1762	1301,1717	1393,1683	1414,1723
2002,2401	1952,2404	1949,2305	1997,2304
3900,1438	3859,1466	3804,1385	3843,1358
3202,2133	3154,2146	3130,2045	3176,2032
983,2436	932,2448	914,2350	965,2340
1176,1789	1128,1796	1116,1694	1162,1691
570,1388	606,1353	675,1427	639,1462
2896,2551	2931,2515	3003,2586	2970,2622
2564,2320	2511,2320	2513,2223	2566,2224
2558,856	2517,884	2462,803	2501,776
2543,1904	2487,1912	2476,1814	2528,1806
2363,2317	2342,2272	2434,2238	2455,2278
633,2170	591,2181	571,2088	611,2076
1410,1953	1368,1978	1320,1895	1359,1871
1113,496	1065,513	1031,422	1078,404
2921,749	2871,765	2849,668	2897,655
3494,1256	3473,1211	3565,1177	3586,1217
1049,1810	1003,1835	960,1746	1007,1723
399,338	435,303	504,377	467,413
619,2407	655,2372	724,2446	687,2482
1684,1332	1720,1297	1789,1371	1753,1406
1092,889	1128,854	1197,928	1161,963
3304,1942	3263,1970	3208,1889	3247,1862
3030,284	2977,280	2989,181	3040,184
2962,913	2998,878	3067,952	3031,987
1902,1319	1854,1326	1842,1224	1888,1221
3701,557	3648,557	3650,460	3703,461
3151,538	3181,499	3258,565	3228,603
965,2750	992,2708	1075,2764	1048,2806
3467,2562	3502,2526	3574,2597	3541,2633
2133,1434	2161,1475	2076,1524	2046,1487
2171,2056	2148,2014	2235,1972	2256,2015
3587,843	3622,807	3694,878	3661,914
307,2652	259,2669	225,2578	272,2560
3558,1516	3512,1541	3469,1452	3516,1429
893,1207	847,1232	804,1143	851,1120
695,2643	639,2651	628,2553	680,2545
2310,781	2262,788	2250,686	2296,683
3154,690	3186,725	3107,788	3076,753
1498,1163	1528,1125	1606,1188	1577,1227
2118,2740	2095,2695	2184,2654	2206,2695
489,1090	439,1086	447,989	497,992
2750,2015	2702,2022	2690,1920	2736,1917
2465,1809	2415,1825	2393,1728	2441,1715
641,2302	669,2343	584,2392	554,2355
2714,1854	2666,1871	2632,1780	2679,1762
1364,982	1358,932	1457,918	1464,968
2037,1742	2031,1692	2130,1678	2137,1728
1991,710	1947,728	1909,630	1954,613
3458,1687	3452,1637	3551,1623	3558,1673
3262,2477	3212,2493	3190,2396	3238,2383
1072,1352	1022,1355	1019,1256	1067,1255
3268,2639	3224,2657	3186,2559	3231,2542
1741,887	1726,843	1824,817	1839,862
796,2436	831,2400	903,2471	870,2507
2027,1017	1971,1025	1960,927	2012,919
770,1429	714,1437	703,1339	755,1331
2569,1240	2519,1243	2516,1144	2564,1143
3369,1963	3343,1919	3430,1872	3456,1916
1568,2709	1596,2750	1511,2799	1481,2762
1442,751	1392,754	1389,655	1437,654
1508,2432	1460,2449	1426,2358	1473,2340
542,874	540,825	639,821	641,872
1430,401	1462,436	1383,499	1352,464
1262,2379	1239,2337	1326,2295	1347,2338
2701,1314	2684,1265	2781,1237	2796,1285
2661,2243	2646,2199	2744,2173	2759,2218
983,1633	941,1658	893,1575	932,1551
2982,1142	2940,1153	2920,1060	2960,1048
445,2458	403,2469	383,2376	423,2364
3547,1921	3506,1949	3451,1868	3490,1841
2108,836	2143,800	2215,871	2182,907
718,1094	674,1112	636,1014	681,997
796,2763	779,2714	876,2686	891,2734
3117,1363	3075,1374	3055,1281	3095,1269
1959,2810	1944,2766	2042,2740	2057,2785
2901,879	2850,891	2832,793	2883,783
3660,2163	3610,2159	3618,2062	3668,2065
3138,1148	3118,1101	3208,1067	3227,1116
1895,875	1842,871	1854,772	1905,775
1785,354	1743,379	1695,296	1734,272
2433,1472	2412,1427	2504,1393	2525,1433
2398,1944	2428,1906	2506,1969	2477,2008
3606,2686	3642,2651	3711,2725	3675,2760
684,1775	714,1736	791,1802	761,1840
2253,1489	2235,1445	2327,1410	2346,1455
2658,988	2605,988	2607,891	2660,892
3515,2330	3545,2292	3623,2355	3594,2394
1110,2677	1108,2628	1207,2624	1209,2675
2244,1189	2191,1185	2203,1086	2254,1089
1888,1951	1918,1912	1995,1978	1965,2016
3010,1307	2969,1335	2914,1254	2953,1227
2771,1095	2748,1053	2835,1011	2856,1054
926,943	908,899	1000,864	1019,909
2690,1740	2642,1747	2630,1645	2676,1642
1262,1856	1290,1897	1205,1946	1175,1909
1970,1598	2005,1562	2077,1633	2044,1669
2993,1736	2945,1753	2911,1662	2958,1644
1838,1085	1782,1093	1771,995	1823,987
3056,2591	3035,2546	3127,2512	3148,2552
1674,1123	1709,1087	1781,1158	1748,1194
879,1524	837,1535	817,1442	857,1430
1114,1483	1064,1486	1061,1387	1109,1386
1611,978	1588,936	1675,894	1696,937
3060,1501	3016,1519	2978,1421	3023,1404
2806,1452	2783,1407	2872,1366	2894,1407
656,683	608,690	596,588	642,585
1871,560	1829,571	1809,478	1849,466
581,1966	579,1917	678,1913	680,1964
2261,1342	2211,1345	2208,1246	2256,1245
2449,668	2429,621	2519,587	2538,636
3540,695	3567,653	3650,709	3623,751
953,703	930,661	1017,619	1038,662
1014,1998	961,1998	963,1901	1016,1902
2848,1889	2795,1889	2797,1792	2850,1793
350,1243	300,1246	297,1147	345,1146
2329,952	2279,968	2257,871	2305,858
2270,1789	2305,1753	2377,1824	2344,1860
1566,1440	1516,1456	1494,1359	1542,1346
3304,1720	3298,1670	3397,1656	3404,1706
1772,2921	1754,2877	1846,2842	1865,2887
1902,2148	1934,2183	1855,2246	1824,2211
1580,2028	1607,1986	1690,2042	1663,2084
301,960	329,1001	244,1050	214,1013
780,892	810,854	888,917	859,956
3808,928	3788,881	3878,847	3897,896
3509,1050	3494,1006	3592,980	3607,1025
3458,2882	3412,2907	3369,2818	3416,2795
3284,833	3234,836	3231,737	3279,736
1736,1983	1694,1994	1674,1901	1714,1889
1588,635	1542,660	1499,571	1546,548
1272,1153	1231,1181	1176,1100	1215,1073
3379,955	3415,920	3484,994	3448,1029
3017,2152	2969,2159	2957,2057	3003,2054
3438,604	3418,557	3508,523	3527,572
2840,2452	2787,2452	2789,2355	2842,2356
957,2154	915,2165	895,2072	935,2060
3217,1475	3194,1433	3281,1391	3302,1434
3120,2501	3072,2514	3048,2413	3094,2400
263,2433	299,2398	368,2472	331,2508
2955,2339	2985,2300	3062,2366	3032,2404
1984,2113	1969,2069	2067,2043	2082,2088
1450,1355	1408,1380	1360,1297	1399,1273
2321,2572	2268,2572	2270,2475	2323,2476
1285,2177	1262,2132	1351,2091	1373,2132
893,2546	891,2497	990,2493	992,2544
3393,1521	3340,1521	3342,1424	3395,1425
738,1633	685,1633	687,1536	740,1537
899,2284	878,2239	970,2205	991,2245
1832,1421	1806,1377	1893,1330	1919,1374
807,434	759,451	725,360	772,342
3173,992	3125,1009	3091,918	3138,900
1154,696	1113,724	1058,643	1097,616
3232,1840	3184,1857	3150,1766	3197,1748
2148,718	2106,729	2086,636	2126,624
1274,1512	1254,1465	1344,1431	1363,1480
773,2371	729,2389	691,2291	736,2274
3754,1222	3706,1239	3672,1148	3719,1130
1707,2212	1735,2172	1816,2233	1788,2272
2701,2602	2655,2627	2612,2538	2659,2515
2107,1844	2137,1806	2215,1869	2186,1908
3935,1174	3884,1186	3866,1088	3917,1078
1734,671	1681,667	1693,568	1744,571
2690,1577	2648,1602	2600,1519	2639,1495
3417,2107	3415,2058	3514,2054	3516,2105
1804,1769	1787,1720	1884,1692	1899,1740
1241,879	1199,904	1151,821	1190,797
3447,2519	3401,2544	3358,2455	3405,2432
467,773	499,808	420,871	389,836
496,1533	524,1574	439,1623	409,1586
3076,2211	3112,2176	3181,2250	3145,2285
2335,2122	2371,2087	2440,2161	2403,2197
3226,1052	3208,1008	3300,973	3319,1018
2575,2124	2547,2090	2627,2034	2655,2069
931,1388	883,1405	849,1314	896,1296
2999,1886	2949,1889	2946,1790	2994,1789
1941,1175	1893,1192	1859,1101	1906,1083
1707,1590	1659,1607	1625,1516	1672,1498
3401,801	3383,757	3475,722	3494,767
672,1332	622,1335	619,1236	667,1235
1513,1598	1463,1594	1471,1497	1521,1500
883,1850	830,1846	842,1747	893,1750
3107,1972	3084,1930	3171,1888	3192,1931
2109,2461	2086,2419	2173,2377	2194,2420
3698,2334	3692,2284	3791,2270	3798,2320
2796,2221	2781,2177	2879,2151	2894,2196
2404,1597	2439,1561	2511,1632	2478,1668
323,1879	306,1830	403,1802	418,1850
716,1218	666,1221	663,1122	711,1121
2274,1566	2302,1607	2217,1656	2187,1619
2643,1109	2622,1064	2714,1030	2735,1070
1531,2208	1566,2172	1638,2243	1605,2279
1332,700	1364,735	1285,798	1254,763
1811,2529	1847,2494	1916,2568	1880,2603
1275,1286	1233,1297	1213,1204	1253,1192
3767,1879	3714,1875	3726,1776	3777,1779
1453,2186	1403,2182	1411,2085	1461,2088
1673,1724	1656,1675	1753,1647	1768,1695
1552,1917	1550,1868	1649,1864	1651,1915
808,1993	755,1993	757,1896	810,1897
590,1202	540,1198	548,1101	598,1104
3068,1719	3050,1675	3142,1640	3161,1685
1173,1607	1158,1563	1256,1537	1271,1582
2752,834	2699,834	2701,737	2754,738
1946,1844	1923,1802	2010,1760	2031,1803
1124,2383	1071,2379	1083,2280	1134,2283
2646,688	2595,700	2577,602	2628,592
991,1049	1021,1011	1099,1074	1070,1113
3553,484	3502,496	3484,398	3535,388
2859,1633	2817,1644	2797,1551	2837,1539
1091,2578	1050,2606	995,2525	1034,2498
541,1914	491,1930	469,1833	517,1820
1445,2005	1419,1961	1506,1914	1532,1958
1603,913	1555,930	1521,839	1568,821
2376,1170	2328,1177	2316,1075	2362,1072
865,684	823,709	775,626	814,602
2561,1971	2544,1922	2641,1894	2656,1942
1747,811	1706,839	1651,758	1690,731
2408,1252	2390,1208	2482,1173	2501,1218
1068,2077	1042,2033	1129,1986	1155,2030
1711,2472	1747,2437	1816,2511	1779,2547
353,2276	303,2292	281,2195	329,2182
724,2263	683,2291	628,2210	667,2183
1862,2855	1842,2808	1932,2774	1951,2823
2972,613	2951,568	3043,534	3064,574
2190,2179	2226,2144	2295,2218	2258,2254
2323,639	2282,667	2227,586	2266,559
3343,1299	3371,1259	3452,1320	3424,1359
520,2569	518,2520	617,2516	619,2567
2023,1391	1977,1416	1934,1327	1981,1304
1572,2539	1602,2500	1679,2566	1649,2604
2251,1782	2210,1810	2155,1729	2194,1702
550,1568	585,1532	657,1603	624,1639
917,872	861,880	850,782	902,774
3296,580	3290,530	3389,516	3396,566
1389,1090	1424,1054	1496,1125	1463,1161
3343,2184	3292,2196	3274,2098	3325,2088
