1118,2531	1090,2483	1210,2424	1222,2473
1644,2893	1692,2924	1609,3030	1576,2991
569,1561	625,1570	591,1700	548,1680
1238,1942	1288,1974	1205,2081	1172,2043
3672,1217	3698,1263	3581,1319	3569,1273
3561,1983	3597,2028	3485,2105	3467,2059
3586,1360	3599,1418	3465,1438	3468,1384
361,3008	307,3029	263,2901	318,2895
3930,1424	3987,1416	3998,1549	3948,1542
1805,1283	1834,1331	1718,1390	1704,1342
2896,2175	2909,2233	2775,2253	2778,2199
2228,2975	2186,2934	2287,2843	2314,2886
1311,2321	1359,2352	1276,2458	1243,2419
350,1317	350,1260	485,1268	472,1315
514,1545	511,1602	375,1585	393,1536
2729,373	2790,374	2778,509	2727,495
2305,732	2318,674	2449,716	2422,762
3667,1663	3728,1664	3716,1799	3665,1785
2145,1788	2086,1783	2105,1651	2154,1669
733,1380	789,1389	755,1519	712,1499
1234,343	1284,375	1204,482	1168,444
2667,1626	2723,1613	2748,1743	2695,1744
314,2645	364,2677	281,2784	248,2746
3653,2144	3676,2197	3550,2246	3541,2194
2965,894	2976,948	2843,965	2848,915
766,581	757,637	628,603	650,558
2858,1190	2911,1211	2853,1334	2811,1302
2103,398	2090,452	1959,415	1982,371
3977,1262	3926,1287	3876,1162	3927,1154
1460,1524	1403,1537	1380,1405	1430,1407
954,2311	902,2338	847,2217	899,2204
3281,1519	3292,1573	3159,1590	3164,1540
3261,2077	3215,2108	3149,1993	3198,1979
3043,1022	3098,1009	3123,1138	3073,1138
1818,2045	1806,2102	1676,2064	1701,2017
588,2303	531,2287	575,2161	620,2186
2572,570	2600,517	2714,586	2677,624
1846,2611	1885,2653	1779,2736	1756,2690
3375,1848	3423,1879	3340,1985	3307,1946
1993,1360	1969,1407	1854,1344	1888,1306
1561,742	1510,772	1444,653	1496,637
3118,1845	3090,1897	2978,1826	3013,1787
2024,783	1973,808	1923,683	1974,675
3500,1003	3480,1060	3357,1007	3387,961
270,522	289,465	415,518	386,561
2214,660	2267,681	2209,804	2167,772
2148,1575	2147,1632	2014,1620	2028,1572
2088,2113	2105,2061	2232,2115	2201,2154
3267,1173	3284,1121	3411,1175	3380,1214
1683,1422	1708,1475	1580,1523	1572,1474
3937,2820	3948,2874	3815,2891	3820,2841
1353,1259	1382,1307	1266,1366	1252,1318
3812,813	3819,870	3684,875	3693,824
2624,1196	2599,1250	2480,1185	2516,1142
2659,2022	2709,2054	2629,2161	2593,2123
358,297	338,354	215,301	245,255
533,2445	479,2421	541,2303	583,2335
3400,2079	3457,2085	3433,2216	3385,2196
1826,1445	1882,1432	1907,1562	1854,1563
1098,2628	1155,2634	1131,2765	1083,2745
3667,421	3614,451	3554,330	3606,316
3906,270	3954,300	3880,410	3845,372
1894,2859	1944,2884	1880,3001	1842,2968
915,2024	934,2077	806,2112	801,2064
859,635	887,582	1001,651	964,689
676,871	687,925	554,942	559,892
2916,508	2966,540	2883,647	2850,609
2299,431	2345,467	2255,565	2224,523
3799,2611	3746,2641	3686,2520	3738,2506
3617,1907	3565,1934	3510,1813	3562,1800
3094,2639	3093,2696	2960,2684	2974,2636
1539,1039	1502,1086	1401,999	1443,966
2053,970	2037,1025	1911,976	1939,933
1357,540	1370,598	1236,618	1239,564
3159,2480	3156,2428	3288,2428	3276,2479
3844,1011	3792,982	3861,868	3901,904
1633,2269	1575,2262	1599,2126	1647,2146
1505,2913	1512,2970	1377,2975	1386,2924
2453,2725	2400,2745	2361,2619	2414,2616
657,1103	676,1156	548,1191	543,1143
3541,2800	3487,2776	3549,2658	3591,2690
1867,1077	1814,1097	1775,971	1828,968
2258,1502	2204,1495	2226,1366	2274,1384
3352,2834	3362,2891	3228,2911	3231,2859
1951,1211	1898,1241	1838,1120	1890,1106
1660,1158	1609,1183	1559,1058	1610,1050
1033,1206	982,1231	932,1106	983,1098
1421,702	1418,759	1282,742	1300,693
1413,1696	1364,1665	1441,1553	1477,1590
2575,2973	2521,2966	2543,2837	2591,2855
2841,1554	2794,1585	2726,1471	2775,1456
2977,2815	3030,2836	2980,2958	2936,2928
2218,816	2271,800	2300,928	2251,930
957,1269	1014,1266	1012,1399	961,1387
694,660	748,676	702,801	660,774
718,1162	737,1105	863,1158	834,1201
2573,938	2572,995	2439,983	2453,935
3158,1350	3208,1382	3125,1489	3092,1451
1122,1985	1148,2033	1026,2087	1016,2036
1710,2471	1686,2421	1811,2373	1820,2422
3014,452	2992,401	3119,358	3125,408
1155,1522	1157,1578	1024,1573	1035,1522
2467,1206	2513,1242	2423,1340	2392,1298
1036,1492	1024,1549	894,1511	919,1464
2800,1971	2824,1923	2938,1989	2903,2026
1890,2010	1944,2010	1934,2142	1889,2128
1393,2507	1388,2452	1520,2445	1511,2495
3424,2448	3396,2400	3516,2341	3528,2390
1942,2271	1967,2324	1839,2372	1831,2323
1233,1798	1182,1828	1116,1709	1168,1693
1054,1620	1104,1652	1021,1759	988,1721
2323,1158	2339,1211	2211,1241	2209,1193
2490,1353	2544,1369	2498,1494	2456,1467
3166,955	3185,898	3311,951	3282,994
753,1712	702,1737	652,1612	703,1604
394,2162	347,2193	279,2079	328,2064
665,1383	641,1436	523,1371	559,1329
2809,1008	2854,1040	2773,1143	2739,1103
1025,1805	1075,1836	993,1942	960,1904
713,2071	739,2119	617,2173	607,2122
2148,2383	2174,2429	2057,2485	2045,2439
3140,1256	3089,1281	3039,1156	3090,1148
2347,1997	2395,2027	2321,2137	2286,2099
2060,553	2117,545	2128,678	2078,671
3034,1582	3025,1638	2896,1604	2918,1559
2467,1770	2442,1824	2323,1759	2359,1716
1988,1904	1981,1959	1850,1933	1870,1885
755,2464	808,2485	758,2607	714,2577
3372,784	3361,730	3491,713	3487,762
2688,2628	2635,2648	2596,2522	2649,2519
955,2837	1012,2829	1023,2962	973,2955
1101,1219	1157,1228	1123,1358	1080,1338
1494,790	1547,773	1581,900	1527,903
787,343	763,396	645,331	681,289
1095,975	1151,962	1176,1092	1123,1093
2387,939	2423,984	2311,1061	2293,1015
3509,532	3566,529	3564,662	3513,650
1603,1333	1583,1383	1463,1327	1495,1285
3319,1442	3265,1418	3327,1300	3369,1332
2544,2375	2532,2432	2402,2394	2427,2347
740,1957	688,1984	633,1863	685,1850
1834,808	1822,865	1692,827	1717,780
3179,901	3154,955	3035,890	3071,847
2223,1963	2169,1956	2191,1827	2239,1845
3390,2730	3348,2689	3449,2598	3476,2641
1163,750	1119,711	1215,616	1245,661
3187,2366	3129,2359	3153,2223	3201,2243
3758,2026	3704,2047	3660,1919	3715,1913
2481,2435	2538,2432	2536,2565	2485,2553
1832,1756	1820,1813	1690,1775	1715,1728
839,1510	892,1531	842,1653	798,1623
3539,1717	3555,1770	3427,1800	3425,1752
1327,1023	1366,1065	1260,1148	1237,1102
1227,2177	1250,2230	1124,2279	1115,2227
1451,2095	1507,2082	1532,2212	1479,2213
1065,884	1062,832	1194,832	1182,883
2976,2391	2918,2384	2942,2248	2990,2268
461,1131	415,1162	349,1047	398,1033
2452,1971	2480,1918	2594,1987	2557,2025
2728,2247	2783,2271	2720,2390	2678,2357
1045,2526	1056,2580	923,2597	928,2547
1450,1867	1404,1898	1338,1783	1387,1769
1551,423	1601,454	1519,560	1486,522
1665,1804	1697,1849	1585,1920	1568,1871
2531,799	2501,747	2621,687	2635,737
3593,968	3612,911	3738,964	3709,1007
2465,1606	2441,1653	2326,1590	2360,1552
3024,749	2973,779	2907,660	2959,644
926,859	982,846	1007,976	954,977
2382,2404	2373,2460	2244,2426	2266,2381
2692,765	2663,717	2779,655	2794,705
1659,1593	1714,1617	1651,1736	1609,1703
2888,2512	2829,2507	2848,2375	2897,2393
3232,2765	3175,2749	3219,2623	3264,2648
2682,1267	2728,1303	2638,1401	2607,1359
2280,2189	2336,2176	2361,2306	2308,2307
1751,605	1779,555	1893,632	1857,666
2488,2128	2536,2159	2453,2265	2420,2226
3063,2439	3102,2481	2996,2564	2973,2518
1416,2082	1363,2102	1324,1976	1377,1973
2536,616	2520,671	2394,622	2422,579
3337,391	3393,378	3418,508	3365,509
2198,962	2224,1008	2107,1064	2095,1018
3253,720	3310,717	3308,850	3257,838
754,931	724,879	844,819	858,869
1317,1578	1264,1604	1212,1480	1266,1468
1967,2493	1974,2550	1839,2555	1848,2504
3431,1167	3444,1109	3575,1151	3548,1197
2113,2335	2066,2366	1998,2252	2047,2237
1350,851	1407,843	1418,976	1368,969
2742,978	2726,1033	2600,984	2628,941
515,2863	519,2917	388,2919	397,2868
1656,993	1626,941	1746,881	1760,931
1010,2340	1056,2376	966,2474	935,2432
3610,1513	3633,1566	3507,1615	3498,1563
1092,732	1084,791	951,761	972,713
1570,226	1620,258	1540,365	1504,327
1344,2610	1293,2635	1243,2510	1294,2502
2173,1598	2173,1541	2308,1549	2295,1596
3079,1679	3076,1627	3208,1627	3196,1678
2122,1256	2075,1287	2007,1173	2056,1158
3291,627	3286,572	3418,565	3409,615
1713,2727	1763,2752	1699,2869	1661,2836
3098,2899	3093,2844	3225,2837	3216,2887
3299,1737	3294,1682	3426,1675	3417,1725
2155,1868	2142,1922	2011,1885	2034,1841
2509,1762	2539,1713	2651,1791	2614,1825
1685,509	1730,542	1644,642	1614,602
1570,1983	1625,1970	1650,2099	1600,2099
1980,1670	2016,1715	1904,1792	1886,1746
2677,1452	2703,1498	2586,1554	2574,1508
3326,1483	3379,1466	3413,1593	3359,1596
2704,1839	2744,1806	2819,1917	2775,1933
899,2763	876,2815	759,2756	791,2714
1273,2236	1273,2179	1408,2187	1395,2234
2043,1416	2073,1367	2185,1445	2148,1479
2977,2172	2923,2148	2985,2030	3027,2062
3190,705	3144,736	3078,621	3127,607
3043,1397	3062,1450	2934,1485	2929,1437
1592,2714	1535,2700	1578,2573	1623,2599
875,1674	929,1690	883,1815	841,1788
780,2280	841,2281	829,2416	778,2402
1641,2429	1686,2461	1605,2564	1571,2524
3280,1824	3284,1878	3153,1880	3162,1829
2902,2556	2928,2604	2806,2658	2796,2607
1487,2287	1537,2319	1457,2426	1421,2388
2998,1091	3005,1148	2870,1153	2879,1102
1430,1169	1486,1178	1452,1308	1409,1288
2078,2531	2131,2514	2165,2641	2111,2644
1718,2176	1727,2120	1857,2149	1837,2195
3554,2473	3615,2474	3603,2609	3552,2595
4008,703	4049,740	3957,834	3929,791
2220,2561	2248,2511	2362,2588	2326,2622
3650,815	3642,874	3509,844	3530,796
932,1029	936,1083	805,1085	814,1034
2887,1650	2935,1680	2861,1790	2826,1752
3280,2511	3293,2453	3424,2495	3397,2541
1004,578	1001,526	1133,526	1121,577
1327,1834	1353,1882	1231,1936	1221,1885
3348,2201	3404,2210	3370,2340	3327,2320
2075,789	2132,781	2143,914	2093,907
668,959	721,943	750,1071	701,1073
2008,2066	1966,2025	2067,1934	2094,1977
2649,2265	2636,2319	2505,2282	2528,2238
630,2620	579,2645	529,2520	580,2512
2589,2457	2584,2402	2716,2395	2707,2445
521,1792	521,1735	656,1743	643,1790
2711,1251	2654,1237	2697,1110	2742,1136
1938,529	1995,521	2006,654	1956,647
3047,1916	3100,1937	3050,2059	3006,2029
3759,1441	3707,1412	3776,1298	3816,1334
2440,1918	2416,1965	2301,1902	2335,1864
1781,1949	1722,1942	1746,1808	1796,1829
849,1388	790,1383	809,1251	858,1269
3564,2308	3620,2295	3645,2425	3592,2426
1007,2102	1064,2099	1062,2232	1011,2220
3281,1306	3261,1356	3141,1300	3173,1258
915,1863	928,1921	794,1941	797,1887
2143,1370	2099,1331	2195,1236	2225,1281
2786,2780	2790,2834	2659,2836	2668,2785
1654,648	1711,645	1709,778	1658,766
2555,1547	2605,1572	2541,1689	2503,1656
2525,1106	2501,1153	2386,1090	2420,1052
