3452,1913	3437,1869	3532,1844	3546,1889
1420,2651	1415,2605	1514,2601	1517,2647
3886,2762	3920,2728	3987,2802	3953,2834
3873,1339	3831,1361	3790,1275	3832,1255
3693,2513	3688,2467	3787,2463	3790,2509
612,1850	570,1867	535,1772	577,1754
1744,476	1775,515	1690,567	1662,528
1383,587	1364,545	1455,511	1471,556
2316,1915	2344,1878	2420,1942	2391,1978
3234,2294	3192,2313	3159,2221	3203,2205
1055,1179	1089,1145	1156,1219	1122,1251
2082,620	2037,631	2018,538	2061,529
3224,1636	3250,1597	3331,1657	3302,1696
1934,2388	1898,2417	1842,2338	1881,2311
3713,608	3698,564	3793,539	3807,584
2882,2093	2861,2052	2950,2009	2970,2051
345,580	325,540	411,501	430,540
2858,1097	2810,1096	2822,997	2867,1000
192,1795	187,1749	286,1745	289,1791
2706,1606	2658,1605	2670,1506	2715,1509
975,399	930,401	932,303	980,305
3112,605	3138,566	3219,626	3190,665
585,544	549,573	493,494	532,467
1350,2767	1334,2725	1426,2692	1443,2737
3836,2632	3820,2590	3912,2557	3929,2602
2641,2410	2598,2424	2570,2321	2618,2312
1327,1953	1353,1914	1434,1974	1405,2013
488,302	468,262	554,223	573,262
1127,1753	1082,1755	1084,1657	1132,1659
2353,1835	2311,1852	2276,1757	2318,1739
1793,1585	1827,1550	1896,1623	1862,1655
669,2008	703,1974	770,2048	736,2080
1391,1615	1375,1573	1467,1540	1484,1585
590,1655	571,1613	662,1579	678,1624
3035,1903	2993,1920	2958,1825	3000,1807
2682,2400	2716,2365	2785,2438	2751,2470
2540,2147	2519,2106	2608,2063	2628,2105
1258,2450	1286,2413	1362,2477	1333,2513
563,2961	547,2919	639,2886	656,2931
214,957	195,915	286,881	302,926
3396,2597	3349,2606	3337,2508	3383,2501
2394,2816	2389,2770	2488,2766	2491,2812
1148,689	1098,690	1109,593	1155,595
1452,2261	1407,2263	1409,2165	1457,2167
3264,417	3219,432	3197,338	3241,326
2242,689	2237,643	2336,639	2339,685
3494,1183	3452,1202	3419,1110	3463,1094
821,2605	783,2632	734,2549	773,2527
388,2564	345,2578	317,2475	365,2466
1232,2823	1260,2785	1336,2849	1307,2886
1515,2935	1500,2891	1595,2866	1609,2911
2059,2316	2085,2277	2166,2337	2137,2376
2650,2627	2602,2626	2614,2527	2659,2530
3276,2861	3234,2878	3199,2783	3241,2765
2798,718	2756,737	2723,645	2767,629
2190,1014	2148,1031	2113,936	2155,918
3129,2622	3110,2580	3201,2546	3217,2591
3195,1684	3159,1713	3103,1634	3142,1607
1881,821	1839,838	1804,743	1846,725
2833,2576	2818,2532	2913,2507	2927,2552
1147,2524	1102,2526	1104,2428	1152,2430
1320,1774	1346,1735	1427,1795	1398,1834
2893,640	2921,603	2997,667	2968,703
1479,1052	1470,1008	1568,993	1575,1038
1011,2924	1042,2890	1114,2960	1081,2994
3208,1367	3239,1333	3311,1403	3278,1437
3532,795	3487,797	3489,699	3537,701
3881,1178	3872,1134	3970,1119	3977,1164
2242,1389	2226,1344	2322,1317	2336,1363
2957,2408	2907,2409	2918,2312	2964,2314
2297,912	2278,870	2369,836	2385,881
1857,1809	1833,1770	1920,1723	1945,1765
391,1888	349,1907	316,1815	360,1799
1079,925	1034,936	1015,843	1058,834
458,2782	410,2781	422,2682	467,2685
1408,835	1372,864	1316,785	1355,758
2120,1908	2151,1874	2223,1944	2190,1978
321,2153	305,2111	397,2078	414,2123
3567,517	3546,476	3635,433	3655,475
3220,1182	3254,1147	3323,1220	3289,1252
3619,2342	3572,2347	3569,2247	3616,2247
826,1900	781,1911	762,1818	805,1809
2091,2088	2046,2095	2031,1997	2080,1990
574,1505	558,1460	654,1433	668,1479
2223,1456	2178,1463	2163,1365	2212,1358
1136,2735	1117,2693	1208,2659	1224,2704
1509,1797	1543,1763	1610,1837	1576,1869
3466,1015	3419,1024	3407,926	3453,919
1343,1341	1334,1297	1432,1282	1439,1327
854,1182	878,1141	960,1197	935,1236
3835,1856	3815,1816	3901,1777	3920,1816
802,2810	826,2769	908,2825	883,2864
2311,1053	2306,1007	2405,1003	2408,1049
2908,1521	2884,1482	2971,1435	2996,1477
3645,876	3679,842	3746,916	3712,948
1682,1295	1666,1253	1758,1220	1775,1265
3394,2173	3425,2212	3340,2264	3312,2225
284,2870	316,2903	237,2966	207,2928
2639,1758	2623,1716	2715,1683	2732,1728
3290,1953	3248,1975	3207,1889	3249,1869
656,906	610,915	594,821	639,812
793,617	821,580	897,644	868,680
2988,2264	2940,2263	2952,2164	2997,2167
3782,2059	3773,2015	3871,2000	3878,2045
2390,1642	2424,1608	2491,1682	2457,1714
1606,275	1564,297	1523,211	1565,191
2235,2557	2190,2559	2192,2461	2240,2463
3621,2075	3576,2090	3554,1996	3598,1984
975,2518	930,2525	915,2427	964,2420
2251,2370	2246,2324	2345,2320	2348,2366
2501,1808	2496,1762	2595,1758	2598,1804
2880,1937	2833,1946	2821,1848	2867,1841
1988,1001	1941,1006	1938,906	1985,906
3180,1428	3133,1437	3121,1339	3167,1332
2351,1381	2379,1343	2455,1407	2426,1444
1145,1883	1098,1888	1095,1788	1142,1788
2812,1777	2792,1737	2878,1698	2897,1737
1638,1562	1629,1518	1727,1503	1734,1548
2050,676	2084,641	2153,714	2119,746
2802,2068	2759,2082	2731,1979	2779,1970
2652,711	2684,744	2605,807	2575,769
332,321	366,287	433,361	399,393
601,2191	580,2150	669,2107	689,2149
2383,2232	2364,2191	2453,2153	2472,2193
2229,352	2213,310	2305,277	2322,322
3246,792	3277,758	3349,828	3316,862
3121,1141	3152,1180	3067,1232	3039,1193
1214,2103	1169,2114	1150,2021	1193,2012
3034,2852	2989,2867	2967,2773	3011,2761
654,1997	609,1999	611,1901	659,1903
2055,1350	2046,1306	2144,1291	2151,1336
2177,1597	2130,1602	2127,1502	2174,1502
1739,3004	1720,2962	1811,2928	1827,2973
3450,1609	3441,1565	3539,1550	3546,1595
711,2415	673,2442	624,2359	663,2337
3653,627	3684,666	3599,718	3571,679
802,1007	787,963	882,938	896,983
3715,2830	3687,2795	3767,2741	3796,2775
2919,1212	2903,1167	2999,1140	3013,1186
1734,717	1714,677	1800,638	1819,677
1957,425	1941,380	2037,353	2051,399
1608,2209	1592,2167	1684,2134	1701,2179
358,1091	342,1049	434,1016	451,1061
2907,822	2871,851	2815,772	2854,745
1649,2607	1604,2618	1585,2525	1628,2516
1444,629	1472,591	1548,655	1519,692
3956,1863	3935,1822	4024,1779	4044,1821
3517,2672	3548,2638	3620,2708	3587,2742
3807,465	3779,430	3859,376	3888,410
1029,1424	1055,1385	1136,1445	1107,1484
2829,361	2793,390	2737,311	2776,284
623,2325	573,2326	584,2229	630,2231
695,1189	671,1150	758,1103	783,1145
978,1887	933,1902	911,1808	955,1796
2505,673	2463,692	2430,600	2474,584
2543,1271	2498,1273	2500,1175	2548,1177
3902,837	3887,793	3982,768	3996,813
2654,1242	2685,1208	2757,1278	2724,1312
3523,262	3481,284	3440,198	3482,178
2287,2054	2318,2020	2390,2090	2357,2124
1635,2340	1666,2306	1738,2376	1705,2410
1171,1705	1205,1670	1274,1743	1240,1775
1661,1179	1623,1206	1574,1123	1613,1101
1487,1445	1518,1411	1590,1481	1557,1515
3074,766	3106,799	3027,862	2997,824
3572,1330	3606,1295	3675,1368	3641,1400
1737,944	1687,945	1698,848	1744,850
2068,1224	2018,1225	2029,1128	2075,1130
2492,1055	2526,1020	2595,1093	2561,1125
3223,2500	3208,2456	3303,2431	3317,2476
960,2041	913,2046	910,1946	957,1946
3642,1771	3621,1730	3710,1687	3730,1729
2074,1717	2102,1680	2178,1744	2149,1780
1026,2280	1010,2238	1102,2205	1119,2250
423,1447	381,1464	346,1369	388,1351
3274,1041	3238,1070	3182,991	3221,964
1778,1212	1757,1171	1846,1128	1866,1170
3435,2059	3390,2066	3375,1968	3424,1961
2725,2197	2720,2151	2819,2147	2822,2193
3024,2469	3008,2424	3104,2397	3118,2443
871,1359	902,1398	817,1450	789,1411
2114,2088	2138,2047	2220,2103	2195,2142
2084,1488	2037,1493	2034,1393	2081,1393
3496,1343	3448,1342	3460,1243	3505,1246
953,1585	906,1594	894,1496	940,1489
3220,2147	3205,2103	3300,2078	3314,2123
1258,1448	1238,1408	1324,1369	1343,1408
2021,1926	1978,1940	1950,1837	1998,1828
1127,1076	1085,1098	1044,1012	1086,992
3000,2044	3026,2005	3107,2065	3078,2104
830,2329	785,2344	763,2250	807,2238
695,1605	674,1564	763,1521	783,1563
2822,1318	2850,1281	2926,1345	2897,1381
2169,2199	2195,2160	2276,2220	2247,2259
3570,2595	3525,2610	3503,2516	3547,2504
563,1055	554,1011	652,996	659,1041
2400,2623	2372,2588	2452,2534	2481,2568
2694,2250	2656,2277	2607,2194	2646,2172
1164,2344	1188,2303	1270,2359	1245,2398
994,765	958,794	902,715	941,688
3008,2685	2992,2643	3084,2610	3101,2655
2997,1077	2978,1036	3067,998	3086,1038
2466,831	2445,790	2534,747	2554,789
1533,865	1487,874	1471,780	1516,771
2620,1411	2572,1410	2584,1311	2629,1314
1699,1778	1690,1734	1788,1719	1795,1764
3902,439	3930,401	4006,465	3977,502
1316,1580	1266,1581	1277,1484	1323,1486
2977,2697	2935,2719	2894,2633	2936,2613
651,1365	603,1364	615,1265	660,1268
2352,1653	2307,1660	2292,1562	2341,1555
649,686	677,648	753,712	724,749
2185,880	2137,879	2149,780	2194,783
773,307	745,272	825,218	854,252
1846,2192	1837,2148	1935,2133	1942,2178
3413,2449	3393,2409	3479,2370	3498,2409
1905,1393	1877,1358	1957,1304	1986,1338
853,841	815,868	766,785	805,763
1960,2528	1940,2488	2026,2449	2045,2488
3558,1754	3515,1768	3487,1665	3535,1656
2044,2225	2025,2184	2114,2146	2133,2186
3292,1453	3320,1415	3396,1479	3367,1516
1974,675	1932,694	1899,602	1943,586
2221,1246	2212,1202	2310,1187	2317,1232
1315,1137	1277,1164	1228,1081	1267,1059
1785,2173	1817,2206	1738,2269	1708,2231
3291,1849	3246,1860	3227,1767	3270,1758
1574,466	1559,422	1654,397	1668,442
3621,1003	3579,1025	3538,939	3580,919
1017,2005	1012,1959	1111,1955	1114,2001
1008,2402	958,2403	969,2306	1015,2308
758,1277	792,1243	859,1317	825,1349
1442,1684	1468,1645	1549,1705	1520,1744
955,1697	913,1719	872,1633	914,1613
879,2259	858,2218	947,2175	967,2217
