633,301	585,300	597,201	642,204
3275,2682	3228,2687	3225,2587	3272,2587
1312,2143	1340,2106	1416,2170	1387,2206
1854,1572	1809,1583	1790,1490	1833,1481
869,1224	821,1223	833,1124	878,1127
2072,2717	2053,2675	2144,2641	2160,2686
3449,452	3413,481	3357,402	3396,375
651,1149	609,1168	576,1076	620,1060
1365,1449	1356,1405	1454,1390	1461,1435
2045,1507	2030,1463	2125,1438	2139,1483
2109,1655	2140,1694	2055,1746	2027,1707
2230,691	2192,718	2143,635	2182,613
2837,583	2818,541	2909,507	2925,552
629,2490	661,2523	582,2586	552,2548
1637,1945	1628,1901	1726,1886	1733,1931
457,1758	419,1785	370,1702	409,1680
602,2899	564,2926	515,2843	554,2821
2969,827	3001,860	2922,923	2892,885
3115,784	3070,786	3072,688	3120,690
3427,2375	3455,2337	3531,2401	3502,2438
3171,1577	3195,1536	3277,1592	3252,1631
3507,1320	3535,1282	3611,1346	3582,1383
2113,1299	2139,1260	2220,1320	2191,1359
2303,1776	2253,1777	2264,1680	2310,1682
3414,1300	3395,1258	3486,1224	3502,1269
830,909	785,920	766,827	809,818
3571,521	3551,481	3637,442	3656,481
3707,456	3738,422	3810,492	3777,526
569,320	600,359	515,411	487,372
1299,294	1327,257	1403,321	1374,357
3738,1335	3718,1295	3804,1256	3823,1295
734,783	715,741	806,707	822,752
3262,2406	3296,2371	3365,2444	3331,2476
1210,410	1190,370	1276,331	1295,370
2571,2668	2597,2629	2678,2689	2649,2728
2476,2083	2433,2097	2405,1994	2453,1985
2597,1547	2578,1505	2669,1471	2685,1516
572,1682	536,1711	480,1632	519,1605
2310,1501	2282,1466	2362,1412	2391,1446
3635,1804	3590,1811	3575,1713	3624,1706
305,2080	269,2109	213,2030	252,2003
2023,2272	1985,2299	1936,2216	1975,2194
2106,398	2082,359	2169,312	2194,354
2118,2027	2102,1985	2194,1952	2211,1997
1127,751	1085,768	1050,673	1092,655
540,2718	516,2679	603,2632	628,2674
1470,1853	1428,1870	1393,1775	1435,1757
2025,496	1997,461	2077,407	2106,441
2204,1547	2238,1512	2307,1585	2273,1617
3269,2155	3248,2114	3337,2071	3357,2113
2714,1777	2667,1786	2655,1688	2701,1681
2803,1561	2783,1521	2869,1482	2888,1521
2187,2337	2171,2295	2263,2262	2280,2307
1493,921	1517,880	1599,936	1574,975
775,642	725,643	736,546	782,548
1065,976	1020,987	1001,894	1044,885
3194,1384	3228,1350	3295,1424	3261,1456
906,1341	932,1302	1013,1362	984,1401
3698,288	3652,297	3636,203	3681,194
1122,445	1077,447	1079,349	1127,351
3017,1379	2998,1337	3089,1303	3105,1348
2245,2134	2203,2153	2170,2061	2214,2045
1331,1911	1289,1933	1248,1847	1290,1827
2468,678	2502,643	2571,716	2537,748
676,1772	704,1735	780,1799	751,1835
1687,1211	1668,1169	1759,1135	1775,1180
1529,2203	1557,2166	1633,2230	1604,2266
3114,1842	3086,1807	3166,1753	3195,1787
3331,1634	3357,1595	3438,1655	3409,1694
2505,1080	2496,1036	2594,1021	2601,1066
3536,1913	3570,1879	3637,1953	3603,1985
2833,1244	2795,1271	2746,1188	2785,1166
3445,2710	3425,2670	3511,2631	3530,2670
683,1527	663,1487	749,1448	768,1487
538,2216	517,2175	606,2132	626,2174
2273,2682	2228,2689	2213,2591	2262,2584
2004,553	2036,586	1957,649	1927,611
2535,1983	2507,1948	2587,1894	2616,1928
3031,1044	3063,1077	2984,1140	2954,1102
1668,463	1700,496	1621,559	1591,521
920,651	874,660	858,566	903,557
2909,2126	2867,2143	2832,2048	2874,2030
1877,915	1830,924	1818,826	1864,819
2606,966	2634,929	2710,993	2681,1029
2712,832	2665,837	2662,737	2709,737
2913,2566	2898,2522	2993,2497	3007,2542
2843,1902	2827,1857	2923,1830	2937,1876
2084,1140	2042,1159	2009,1067	2053,1051
923,2338	878,2349	859,2256	902,2247
2924,1485	2948,1444	3030,1500	3005,1539
3067,2829	3022,2836	3007,2738	3056,2731
3633,1108	3590,1122	3562,1019	3610,1010
920,1664	872,1663	884,1564	929,1567
2685,2108	2664,2067	2753,2024	2773,2066
2526,1503	2483,1517	2455,1414	2503,1405
1515,2547	1541,2508	1622,2568	1593,2607
3934,1351	3886,1350	3898,1251	3943,1254
3627,2412	3622,2366	3721,2362	3724,2408
1764,2385	1717,2394	1705,2296	1751,2289
969,1775	997,1738	1073,1802	1044,1838
2293,2462	2243,2463	2254,2366	2300,2368
985,658	965,618	1051,579	1070,618
3166,617	3194,579	3270,643	3241,680
3727,1100	3708,1059	3797,1021	3816,1061
2887,1211	2868,1170	2957,1132	2976,1172
1688,2696	1719,2735	1634,2787	1606,2748
1198,2744	1232,2709	1301,2782	1267,2814
1384,2520	1342,2539	1309,2447	1353,2431
3065,2069	3018,2078	3006,1980	3052,1973
1630,774	1580,775	1591,678	1637,680
1072,1353	1048,1314	1135,1267	1160,1309
3879,1657	3837,1674	3802,1579	3844,1561
1058,1641	1034,1602	1121,1555	1146,1597
2089,985	2042,990	2039,890	2086,890
2596,1260	2554,1279	2521,1187	2565,1171
1163,1101	1121,1120	1088,1028	1132,1012
1816,533	1842,494	1923,554	1894,593
953,2644	987,2610	1054,2684	1020,2716
893,2087	857,2116	801,2037	840,2010
569,647	550,606	639,568	658,608
863,2000	854,1956	952,1941	959,1986
2729,313	2708,272	2797,229	2817,271
2460,2558	2418,2575	2383,2480	2425,2462
1132,2220	1111,2179	1200,2136	1220,2178
1122,580	1117,534	1216,530	1219,576
1977,2133	1953,2094	2040,2047	2065,2089
1291,1769	1267,1730	1354,1683	1379,1725
3236,1987	3212,1948	3299,1901	3324,1943
3914,1817	3909,1771	4008,1767	4011,1813
2208,772	2242,737	2311,810	2277,842
2781,2490	2736,2505	2714,2411	2758,2399
1511,1283	1466,1298	1444,1204	1488,1192
1861,1967	1895,1933	1962,2007	1928,2039
937,1182	916,1141	1005,1098	1025,1140
3489,944	3446,958	3418,855	3466,846
2045,2433	2077,2466	1998,2529	1968,2491
3355,651	3350,605	3449,601	3452,647
3506,816	3532,777	3613,837	3584,876
2871,1087	2824,1096	2812,998	2858,991
1223,907	1207,865	1299,832	1316,877
3063,2279	3095,2312	3016,2375	2986,2337
3517,1512	3472,1527	3450,1433	3494,1421
1861,1357	1819,1376	1786,1284	1830,1268
3386,1840	3367,1799	3456,1761	3475,1801
3166,1053	3194,1016	3270,1080	3241,1116
2397,2269	2429,2302	2350,2365	2320,2327
2624,697	2608,655	2700,622	2717,667
948,2069	976,2032	1052,2096	1023,2132
3063,913	3097,879	3164,953	3130,985
718,1276	673,1291	651,1197	695,1185
3132,1632	3082,1633	3093,1536	3139,1538
3391,1994	3417,1955	3498,2015	3469,2054
1771,2182	1724,2191	1712,2093	1758,2086
1775,1039	1733,1056	1698,961	1740,943
3116,1309	3107,1265	3205,1250	3212,1295
1500,2242	1532,2275	1453,2338	1423,2300
1414,757	1390,718	1477,671	1502,713
3536,2968	3491,2970	3493,2872	3541,2874
1508,1578	1534,1539	1615,1599	1586,1638
2580,1684	2538,1703	2505,1611	2549,1595
1698,1764	1722,1723	1804,1779	1779,1818
1159,1370	1191,1403	1112,1466	1082,1428
1789,2549	1739,2550	1750,2453	1796,2455
2255,1227	2240,1183	2335,1158	2349,1203
2821,2966	2774,2971	2771,2871	2818,2871
3216,2500	3171,2515	3149,2421	3193,2409
1161,2318	1187,2279	1268,2339	1239,2378
1300,1271	1254,1280	1238,1186	1283,1177
2428,897	2462,862	2531,935	2497,967
565,842	545,802	631,763	650,802
2213,1022	2247,988	2314,1062	2280,1094
1914,1669	1946,1702	1867,1765	1837,1727
3371,2196	3405,2161	3474,2234	3440,2266
3790,2534	3774,2492	3866,2459	3883,2504
2664,1365	2692,1328	2768,1392	2739,1428
1993,2600	1957,2629	1901,2550	1940,2523
1450,899	1412,926	1363,843	1402,821
623,992	607,950	699,917	716,962
2340,1878	2364,1837	2446,1893	2421,1932
2899,2299	2854,2306	2839,2208	2888,2201
1542,1475	1537,1429	1636,1425	1639,1471
919,1777	871,1776	883,1677	928,1680
3141,2235	3093,2234	3105,2135	3150,2138
2920,776	2875,787	2856,694	2899,685
1868,1927	1820,1926	1832,1827	1877,1830
875,1060	833,1079	800,987	844,971
1003,1966	984,1925	1073,1887	1092,1927
1796,796	1777,755	1866,717	1885,757
1539,1103	1494,1118	1472,1024	1516,1012
989,2350	1023,2315	1092,2388	1058,2420
844,2464	875,2430	947,2500	914,2534
3973,1495	3927,1504	3911,1410	3956,1401
1394,1541	1422,1504	1498,1568	1469,1604
761,2277	711,2278	722,2181	768,2183
2919,2410	2877,2427	2842,2332	2884,2314
2447,625	2400,634	2388,536	2434,529
1995,2424	1952,2438	1924,2335	1972,2326
2599,2153	2630,2192	2545,2244	2517,2205
1278,2618	1312,2584	1379,2658	1345,2690
3022,1743	2986,1772	2930,1693	2969,1666
198,587	189,543	287,528	294,573
3085,653	3040,660	3025,562	3074,555
659,1420	612,1425	609,1325	656,1325
458,1951	415,1965	387,1862	435,1853
619,2007	595,1968	682,1921	707,1963
1210,2004	1168,2026	1127,1940	1169,1920
3502,1561	3530,1524	3606,1588	3577,1624
2432,2203	2396,2232	2340,2153	2379,2126
881,1327	839,1346	806,1254	850,1238
676,2126	652,2087	739,2040	764,2082
691,2425	682,2381	780,2366	787,2411
2751,1962	2705,1971	2689,1877	2734,1868
901,1494	855,1503	839,1409	884,1400
755,1662	705,1663	716,1566	762,1568
3550,2623	3531,2582	3620,2544	3639,2584
1433,1695	1461,1658	1537,1722	1508,1758
1862,1399	1890,1362	1966,1426	1937,1462
3213,812	3237,771	3319,827	3294,866
2670,1338	2628,1360	2587,1274	2629,1254
1264,1590	1216,1589	1228,1490	1273,1493
1897,1520	1931,1486	1998,1560	1964,1592
2747,2702	2727,2662	2813,2623	2832,2662
830,243	864,209	931,283	897,315
3468,1132	3426,1154	3385,1068	3427,1048
3622,687	3575,696	3563,598	3609,591
1581,2905	1615,2871	1682,2945	1648,2977
691,2902	672,2860	763,2826	779,2871
1501,2905	1458,2919	1430,2816	1478,2807
1232,1777	1187,1788	1168,1695	1211,1686
3382,825	3377,779	3476,775	3479,821
1578,1704	1612,1670	1679,1744	1645,1776
2055,879	2010,881	2012,783	2060,785
1086,2445	1110,2404	1192,2460	1167,2499
1297,1055	1252,1057	1254,959	1302,961
3350,2527	3384,2492	3453,2565	3419,2597
1636,1178	1667,1217	1582,1269	1554,1230
2522,2414	2550,2377	2626,2441	2597,2477
2399,1408	2379,1368	2465,1329	2484,1368
1326,562	1357,601	1272,653	1244,614
1942,1254	1897,1256	1899,1158	1947,1160
1640,2107	1595,2114	1580,2016	1629,2009
2807,416	2762,431	2740,337	2784,325
1003,878	960,892	932,789	980,780
2107,1259	2065,1278	2032,1186	2076,1170
1415,1182	1368,1187	1365,1087	1412,1087
2732,2347	2686,2356	2670,2262	2715,2253
2910,2016	2865,2023	2850,1925	2899,1918
3915,2934	3949,2899	4018,2972	3984,3004
3272,2364	3224,2363	3236,2264	3281,2267
3232,301	3263,340	3178,392	3150,353
2808,962	2789,921	2878,883	2897,923
2364,1126	2388,1085	2470,1141	2445,1180
777,1870	808,1909	723,1961	695,1922
1788,669	1741,678	1729,580	1775,573
3315,1764	3277,1791	3228,1708	3267,1686
3259,1291	3240,1249	3331,1215	3347,1260
3769,569	3795,530	3876,590	3847,629
2381,2867	2360,2826	2449,2783	2469,2825
2870,1346	2854,1304	2946,1271	2963,1316
525,1770	553,1732	629,1796	600,1833
1413,495	1385,460	1465,406	1494,440
636,2385	589,2390	586,2290	633,2290
2740,1688	2764,1647	2846,1703	2821,1742
384,1483	338,1492	322,1398	367,1389
3870,934	3823,943	3811,845	3857,838
1548,1838	1580,1871	1501,1934	1471,1896
1235,657	1266,696	1181,748	1153,709
3504,2235	3532,2198	3608,2262	3579,2298
2661,1164	2652,1120	2750,1105	2757,1150
1079,1479	1041,1506	992,1423	1031,1401
736,2564	720,2522	812,2489	829,2534
1459,592	1490,558	1562,628	1529,662
274,2475	308,2441	375,2515	341,2547
3501,2077	3529,2039	3605,2103	3576,2140
1920,1088	1884,1117	1828,1038	1867,1011
1985,1785	2017,1818	1938,1881	1908,1843
1340,1996	1364,1955	1446,2011	1421,2050
2354,766	2335,725	2424,687	2443,727
2083,2263	2055,2228	2135,2174	2164,2208
2217,1914	2201,1869	2297,1842	2311,1888
2118,2391	2070,2390	2082,2291	2127,2294
1867,2218	1839,2183	1919,2129	1948,2163
1045,2260	1003,2277	968,2182	1010,2164
3753,2998	3711,3020	3670,2934	3712,2914
2577,1806	2539,1833	2490,1750	2529,1728
2114,869	2148,834	2217,907	2183,939
1769,2048	1727,2067	1694,1975	1738,1959
3822,1466	3780,1483	3745,1388	3787,1370
1102,2496	1134,2529	1055,2592	1025,2554
3217,2064	3172,2075	3153,1982	3196,1973
1511,2516	1463,2515	1475,2416	1520,2419
1752,919	1707,926	1692,828	1741,821
3110,1953	3065,1960	3050,1862	3099,1855
285,360	235,361	246,264	292,266
1306,2088	1268,2115	1219,2032	1258,2010
1814,2347	1790,2308	1877,2261	1902,2303
2358,837	2389,876	2304,928	2276,889
2481,2587	2509,2550	2585,2614	2556,2650
