1930,1606	1924,1556	2023,1542	2030,1592
2890,1168	2848,1179	2828,1086	2868,1074
2001,747	1951,763	1929,666	1977,653
2459,1041	2409,1057	2387,960	2435,947
1920,1060	1956,1025	2025,1099	1989,1134
2785,2690	2729,2698	2718,2600	2770,2592
2513,644	2490,599	2579,558	2601,599
2850,284	2878,244	2959,305	2931,344
3150,2585	3178,2626	3093,2675	3063,2638
1116,2926	1088,2892	1168,2836	1196,2871
1511,2848	1539,2889	1454,2938	1424,2901
2922,903	2907,859	3005,833	3020,878
3327,1022	3321,972	3420,958	3427,1008
2092,282	2036,290	2025,192	2077,184
3524,451	3552,492	3467,541	3437,504
743,780	687,788	676,690	728,682
278,2052	261,2003	358,1975	373,2023
2718,1992	2716,1943	2815,1939	2817,1990
748,2221	698,2217	706,2120	756,2123
3359,553	3313,578	3270,489	3317,466
862,1007	814,1014	802,912	848,909
741,1705	691,1701	699,1604	749,1607
3341,1701	3290,1713	3272,1615	3323,1605
3829,1893	3864,1857	3936,1928	3903,1964
3915,1045	3867,1052	3855,950	3901,947
2324,1775	2354,1737	2432,1800	2403,1839
2434,2440	2413,2395	2505,2361	2526,2401
2613,1232	2592,1187	2684,1153	2705,1193
411,2435	361,2451	339,2354	387,2341
2135,1923	2118,1874	2215,1846	2230,1894
998,2027	1025,1985	1108,2041	1081,2083
1764,1334	1718,1359	1675,1270	1722,1247
1289,2621	1241,2628	1229,2526	1275,2523
1976,1919	2003,1877	2086,1933	2059,1975
1180,1533	1127,1529	1139,1430	1190,1433
2303,2585	2262,2613	2207,2532	2246,2505
3965,1486	3917,1493	3905,1391	3951,1388
699,2428	673,2384	760,2337	786,2381
1981,2599	1931,2595	1939,2498	1989,2501
2309,1514	2261,1531	2227,1440	2274,1422
2936,2101	2880,2109	2869,2011	2921,2003
2295,1744	2247,1757	2223,1656	2269,1643
3312,2081	3268,2099	3230,2001	3275,1984
2399,1169	2376,1124	2465,1083	2487,1124
3859,873	3811,886	3787,785	3833,772
1756,399	1715,427	1660,346	1699,319
2107,1234	2059,1241	2047,1139	2093,1136
1953,2760	1932,2715	2024,2681	2045,2721
3295,869	3245,872	3242,773	3290,772
1862,2191	1812,2187	1820,2090	1870,2093
1707,1916	1734,1874	1817,1930	1790,1972
2591,2370	2589,2321	2688,2317	2690,2368
2998,2232	2952,2257	2909,2168	2956,2145
3513,1531	3463,1527	3471,1430	3521,1433
3763,1838	3717,1863	3674,1774	3721,1751
2241,465	2191,468	2188,369	2236,368
982,1755	976,1705	1075,1691	1082,1741
403,2175	380,2133	467,2091	488,2134
2525,1422	2505,1375	2595,1341	2614,1390
2256,2323	2203,2323	2205,2226	2258,2227
3446,2270	3423,2225	3512,2184	3534,2225
2058,2240	2005,2240	2007,2143	2060,2144
3422,906	3401,861	3493,827	3514,867
3442,2525	3389,2525	3391,2428	3444,2429
2186,659	2158,625	2238,569	2266,604
213,1730	195,1686	287,1651	306,1696
3349,1512	3299,1508	3307,1411	3357,1414
754,1803	748,1753	847,1739	854,1789
3552,237	3588,202	3657,276	3620,312
1380,1936	1330,1939	1327,1840	1375,1839
1012,1403	1047,1367	1119,1438	1086,1474
2809,1281	2839,1242	2916,1308	2886,1346
2776,405	2806,367	2884,430	2855,469
3068,599	3096,559	3177,620	3149,659
1367,1011	1321,1036	1278,947	1325,924
2304,2858	2254,2861	2251,2762	2299,2761
1863,2821	1815,2838	1781,2747	1828,2729
3944,2843	3898,2868	3855,2779	3902,2756
953,285	983,246	1060,312	1030,350
3626,1156	3653,1114	3736,1170	3709,1212
1544,796	1502,807	1482,714	1522,702
399,2929	355,2947	317,2849	362,2832
3686,2756	3714,2797	3629,2846	3599,2809
3459,1776	3406,1772	3418,1673	3469,1676
1804,1683	1834,1644	1911,1710	1881,1748
1041,837	1015,793	1102,746	1128,790
688,1004	646,1015	626,922	666,910
3020,1369	3002,1325	3094,1290	3113,1335
245,226	281,191	350,265	314,300
2092,1494	2069,1452	2156,1410	2177,1453
1753,2700	1705,2707	1693,2605	1739,2602
2323,751	2358,715	2430,786	2397,822
2805,1028	2757,1041	2733,940	2779,927
633,1836	661,1796	742,1857	714,1896
2763,2182	2743,2135	2833,2101	2852,2150
506,874	455,886	437,788	488,778
1470,2313	1414,2321	1403,2223	1455,2215
3155,1563	3132,1521	3219,1479	3240,1522
2251,1249	2223,1215	2303,1159	2331,1194
453,1095	438,1051	536,1025	551,1070
2510,1644	2487,1599	2576,1558	2598,1599
3135,774	3163,815	3078,864	3048,827
1396,1123	1424,1164	1339,1213	1309,1176
3186,2361	3138,2368	3126,2266	3172,2263
2735,1442	2771,1407	2840,1481	2804,1516
562,1520	597,1484	669,1555	636,1591
604,2568	562,2579	542,2486	582,2474
3015,1936	2973,1947	2953,1854	2993,1842
1488,1563	1516,1523	1597,1584	1569,1623
2586,916	2616,878	2694,941	2665,980
3679,1312	3709,1274	3787,1337	3758,1376
2724,1805	2673,1817	2655,1719	2706,1709
766,1178	794,1138	875,1199	847,1238
887,2142	917,2103	994,2169	964,2207
2510,2272	2462,2279	2450,2177	2496,2174
2336,2213	2313,2171	2400,2129	2421,2172
3275,2234	3247,2200	3327,2144	3355,2179
2494,1959	2524,1920	2601,1986	2571,2024
2494,1398	2522,1439	2437,1488	2407,1451
1222,1269	1172,1265	1180,1168	1230,1171
3519,2597	3496,2555	3583,2513	3604,2556
687,2866	634,2862	646,2763	697,2766
1436,2425	1464,2385	1545,2446	1517,2485
1891,897	1919,938	1834,987	1804,950
1017,1303	1002,1259	1100,1233	1115,1278
3733,968	3769,933	3838,1007	3801,1043
1431,846	1389,871	1341,788	1380,764
3726,1546	3758,1581	3679,1644	3648,1609
534,397	519,353	617,327	632,372
1313,2488	1260,2488	1262,2391	1315,2392
3532,591	3568,556	3637,630	3600,666
2661,587	2611,603	2589,506	2637,493
1294,2162	1322,2122	1403,2183	1375,2222
1633,2152	1580,2152	1582,2055	1635,2056
2774,717	2732,742	2684,659	2723,635
3325,1220	3284,1248	3229,1167	3268,1140
3239,1848	3193,1873	3150,1784	3197,1761
1245,934	1277,969	1198,1032	1167,997
1860,1488	1837,1443	1926,1402	1948,1443
2709,2941	2737,2982	2652,3031	2622,2994
1108,2355	1064,2373	1026,2275	1071,2258
1725,2194	1752,2152	1835,2208	1808,2250
844,2075	800,2093	762,1995	807,1978
2414,1702	2388,1658	2475,1611	2501,1655
1698,745	1734,710	1803,784	1767,819
2292,2085	2269,2043	2356,2001	2377,2044
1038,2534	1065,2492	1148,2548	1121,2590
2055,800	2038,751	2135,723	2150,771
1575,1098	1558,1049	1655,1021	1670,1069
1504,1841	1456,1858	1422,1767	1469,1749
295,2232	272,2187	361,2146	383,2187
2259,959	2289,920	2366,986	2336,1024
1044,1967	991,1963	1003,1864	1054,1867
831,1493	829,1444	928,1440	930,1491
2617,2119	2644,2077	2727,2133	2700,2175
2111,1643	2141,1605	2219,1668	2190,1707
3565,2066	3515,2062	3523,1965	3573,1968
1551,1933	1581,1894	1658,1960	1628,1998
3397,1937	3395,1888	3494,1884	3496,1935
3132,2976	3082,2979	3079,2880	3127,2879
941,2411	971,2373	1049,2436	1020,2475
2815,2435	2813,2386	2912,2382	2914,2433
1839,2420	1837,2371	1936,2367	1938,2418
1544,542	1572,583	1487,632	1457,595
1375,1420	1352,1375	1441,1334	1463,1375
1184,1688	1167,1639	1264,1611	1279,1659
3469,1311	3497,1271	3578,1332	3550,1371
2007,1399	1957,1415	1935,1318	1983,1305
2199,2201	2149,2217	2127,2120	2175,2107
966,1193	918,1206	894,1105	940,1092
846,2761	802,2779	764,2681	809,2664
3402,2125	3379,2080	3468,2039	3490,2080
3267,760	3214,756	3226,657	3277,660
3360,2419	3312,2432	3288,2331	3334,2318
1590,2605	1542,2622	1508,2531	1555,2513
1366,1636	1396,1597	1473,1663	1443,1701
1189,2126	1145,2144	1107,2046	1152,2029
2710,1680	2657,1676	2669,1577	2720,1580
1351,733	1309,758	1261,675	1300,651
911,1669	860,1681	842,1583	893,1573
937,678	881,686	870,588	922,580
3048,1020	3042,970	3141,956	3148,1006
1584,1285	1538,1310	1495,1221	1542,1198
2951,1173	2981,1134	3058,1200	3028,1238
3061,2394	3091,2356	3169,2419	3140,2458
1880,1539	1908,1580	1823,1629	1793,1592
1767,1091	1719,1098	1707,996	1753,993
601,2084	578,2042	665,2000	686,2043
2948,1505	2927,1460	3019,1426	3040,1466
3466,2878	3416,2894	3394,2797	3442,2784
1253,1870	1200,1870	1202,1773	1255,1774
3438,707	3468,668	3545,734	3515,772
373,2633	353,2586	443,2552	462,2601
1219,1364	1201,1320	1293,1285	1312,1330
2933,837	2885,854	2851,763	2898,745
1115,632	1067,649	1033,558	1080,540
3457,1198	3415,1223	3367,1140	3406,1116
2391,1874	2418,1832	2501,1888	2474,1930
1648,1465	1595,1461	1607,1362	1658,1365
2983,1691	3011,1732	2926,1781	2896,1744
3077,1706	3107,1667	3184,1733	3154,1771
1081,313	1079,264	1178,260	1180,311
1326,854	1354,895	1269,944	1239,907
2083,1773	2111,1814	2026,1863	1996,1826
2490,2650	2467,2608	2554,2566	2575,2609
951,814	903,827	879,726	925,713
539,2262	519,2215	609,2181	628,2230
2122,1045	2072,1061	2050,964	2098,951
1837,690	1791,715	1748,626	1795,603
1634,1511	1661,1469	1744,1525	1717,1567
2589,1179	2547,1190	2527,1097	2567,1085
3145,2142	3172,2100	3255,2156	3228,2198
2508,814	2544,779	2613,853	2577,888
2616,2491	2651,2455	2723,2526	2690,2562
1915,258	1895,211	1985,177	2004,226
3271,399	3229,410	3209,317	3249,305
2382,456	2412,417	2489,483	2459,521
873,2548	901,2589	816,2638	786,2601
1679,1876	1637,1887	1617,1794	1657,1782
3007,1620	2986,1575	3078,1541	3099,1581
2045,2483	1997,2490	1985,2388	2031,2385
1873,1871	1845,1837	1925,1781	1953,1816
1762,2463	1714,2470	1702,2368	1748,2365
3669,2305	3619,2301	3627,2204	3677,2207
1627,1737	1581,1762	1538,1673	1585,1650
1955,631	1907,638	1895,536	1941,533
1781,1159	1761,1112	1851,1078	1870,1127
3220,2601	3178,2612	3158,2519	3198,2507
704,1336	732,1296	813,1357	785,1396
1574,644	1548,600	1635,553	1661,597
600,847	582,803	674,768	693,813
580,1785	538,1796	518,1703	558,1691
3936,1189	3890,1214	3847,1125	3894,1102
3227,1068	3171,1076	3160,978	3212,970
3566,1093	3522,1111	3484,1013	3529,996
1001,995	975,951	1062,904	1088,948
563,575	598,539	670,610	637,646
3358,1243	3394,1208	3463,1282	3427,1317
2560,1846	2512,1853	2500,1751	2546,1748
2134,1268	2170,1233	2239,1307	2203,1342
1524,446	1474,449	1471,350	1519,349
3384,580	3420,545	3489,619	3453,654
3198,1400	3147,1412	3129,1314	3180,1304
3219,2841	3177,2866	3129,2783	3168,2759
2908,2615	2858,2631	2836,2534	2884,2521
3087,2102	3039,2115	3015,2014	3061,2001
3608,2919	3636,2960	3551,3009	3521,2972
1084,1654	1034,1650	1042,1553	1092,1556
2864,1650	2816,1663	2792,1562	2838,1549
3931,2210	3910,2165	4002,2131	4023,2171
772,893	719,889	731,790	782,793
2433,1533	2465,1568	2386,1631	2355,1596
564,1220	544,1173	634,1139	653,1188
2923,657	2873,653	2881,556	2931,559
833,2317	869,2282	938,2356	902,2391
407,932	443,897	512,971	476,1006
666,1074	664,1025	763,1021	765,1072
882,1304	909,1262	992,1318	965,1360
2706,876	2658,883	2646,781	2692,778
1486,989	1435,1001	1417,903	1468,893
1609,2383	1559,2386	1556,2287	1604,2286
801,648	759,673	711,590	750,566
1431,2000	1467,1965	1536,2039	1500,2074
1131,730	1111,683	1201,649	1220,698
2635,1380	2617,1336	2709,1301	2728,1346
2481,1250	2511,1211	2588,1277	2558,1315
539,1410	519,1363	609,1329	628,1378
2475,239	2510,203	2582,274	2549,310
1852,807	1829,762	1918,721	1940,762
1547,896	1527,849	1617,815	1636,864
3520,1849	3494,1805	3581,1758	3607,1802
1303,1542	1331,1502	1412,1563	1384,1602
309,1247	261,1264	227,1173	274,1155
2421,744	2395,700	2482,653	2508,697
1138,1150	1090,1167	1056,1076	1103,1058
3498,1614	3481,1565	3578,1537	3593,1585
2787,2371	2745,2382	2725,2289	2765,2277
1411,1086	1391,1039	1481,1005	1500,1054
3902,419	3938,384	4007,458	3971,493
1421,1319	1375,1344	1332,1255	1379,1232
2812,1801	2839,1759	2922,1815	2895,1857
2224,2373	2254,2334	2331,2400	2301,2438
3177,1992	3124,1988	3136,1889	3187,1892
3149,1213	3108,1241	3053,1160	3092,1133
1128,2463	1078,2479	1056,2382	1104,2369
1915,2249	1943,2209	2024,2270	1996,2309
